Year	Month	Day	Wind	Temperature	Rainfall	Other

2960	1	1	4	?12,4 C		1		

2960	1	2	4	?11,6 C		0		Åska 

2960	1	3	2	?12 C		0		

2960	1	4	4	?11,9 C		0		

2960	1	5	2	?12,4 C		0		

2960	1	6	4	?13,5 C		0		

2960	1	7	2	?12 C		1		

2960	1	8	4	?13,8 C		0		

2960	1	9	8	?12,3 C		9		

2960	1	10	4	?13,4 C		8		

2960	1	11	3	?13,9 C		5		

2960	1	12	4	?12,9 C		4		

2960	1	13	4	?13,4 C		1		

2960	1	14	2	?14,5 C		0		

2960	1	15	4	?8,7 C		3		

2960	1	16	4	?10,2 C		0		

2960	1	17	4	?8,4 C		0		

2960	1	18	8	?9,3 C		4		

2960	1	19	4	?9,5 C		3		

2960	1	20	2	?9 C		6		

2960	1	21	1	?9,2 C		2		

2960	1	22	4	?8,1 C		1		

2960	1	23	4	?8,3 C		0		

2960	1	24	8	?7,8 C		4		

2960	1	25	4	?8 C		0		

2960	1	26	7	?8,8 C		0		

2960	1	27	4	?7 C		4		

2960	1	28	1	?8,6 C		1		

2960	2	1	5	?5,2 C		0		

2960	2	2	2	?6,1 C		1		

2960	2	3	1	?6,3 C		1		

2960	2	4	2	?5,8 C		0		

2960	2	5	5	?6 C		0		

2960	2	6	2	?4,8 C		0		

2960	2	7	6	?5 C		0		

2960	2	8	2	?3,7 C		0		

2960	2	9	5	?3,9 C		4		

2960	2	10	2	?4,8 C		0		

2960	2	11	5	?5 C		0		

2960	2	12	1	?4,5 C		0		

2960	2	13	2	?4,7 C		0		

2960	2	14	6	?3,6 C		3		

2960	2	15	2	?7,5 C		0		

2960	2	16	0	?6,7 C		0		Tjock Dimma 

2960	2	17	2	?6,7 C		0		

2960	2	18	4	?5,2 C		0		

2960	2	19	2	?5,1 C		0		

2960	2	20	6	?4,4 C		1		

2960	2	21	0	?4,3 C		0		Lätt Dimma 

2960	2	22	3	?4,8 C		0		

2960	2	23	2	?4,8 C		0		

2960	2	24	3	?2,9 C		0		

2960	2	25	2	?2,8 C		0		

2960	2	26	3	?3,3 C		0		Åska 

2960	2	27	2	?1,3 C		0		

2960	2	28	6	?2,5 C		5		Åska 

2960	3	1	5	4,6 C		2		

2960	3	2	3	4 C		0		

2960	3	3	1	6,1 C		0		

2960	3	4	2	5,7 C		0		

2960	3	5	6	5,8 C		4		

2960	3	6	2	7,2 C		3		Åska 

2960	3	7	5	7,3 C		1		

2960	3	8	5	8,1 C		1		

2960	3	9	3	8,1 C		0		

2960	3	10	4	7,6 C		0		

2960	3	11	2	9,7 C		6		Åska 

2960	3	12	6	8,4 C		6		

2960	3	13	6	10,5 C		3		

2960	3	14	8	10 C		3		

2960	3	15	4	?1,9 C		2		

2960	3	16	5	?1,1 C		5		

2960	3	17	4	?0,9 C		2		Dragon 

2960	3	18	3	0,6 C		1		

2960	3	19	3	0,8 C		0		

2960	3	20	3	0,7 C		0		

2960	3	21	5	0,9 C		0		

2960	3	22	6	2,4 C		3		

2960	3	23	4	2,5 C		0		

2960	3	24	5	3,3 C		0		

2960	3	25	2	3,5 C		0		

2960	3	26	2	5 C		0		

2960	3	27	1	5,2 C		2		

2960	3	28	5	6 C		0		

2960	4	1	9	12,4 C		3		

2960	4	2	5	13,9 C		2		Hagel 

2960	4	3	2	14,1 C		0		

2960	4	4	3	14,9 C		0		

2960	4	5	3	15,1 C		0		

2960	4	6	1	14,6 C		0		

2960	4	7	5	14,8 C		0		

2960	4	8	4	15,6 C		0		

2960	4	9	3	15,7 C		0		Åska 

2960	4	10	3	17,2 C		4		

2960	4	11	5	17,4 C		1		

2960	4	12	2	18,2 C		0		

2960	4	13	1	18,4 C		0		

2960	4	14	5	19,9 C		0		

2960	4	15	4	6,1 C		0		

2960	4	16	5	6,1 C		0		

2960	4	17	0	6,4 C		0		Åska Tjock Dimma 

2960	4	18	3	8 C		0		

2960	4	19	1	8,2 C		0		

2960	4	20	2	9,1 C		0		

2960	4	21	5	9,3 C		0		

2960	4	22	7	8,9 C		0		

2960	4	23	4	11,1 C		0		

2960	4	24	4	10 C		14		

2960	4	25	3	12,2 C		8		

2960	4	26	2	11,8 C		6		

2960	4	27	3	12 C		2		

2960	4	28	1	12,9 C		1		

2960	5	1	5	21,6 C		0		

2960	5	2	4	23,2 C		0		

2960	5	3	3	23,4 C		0		

2960	5	4	0	24,3 C		8		Lätt Dimma 

2960	5	5	4	24,5 C		3		

2960	5	6	3	24,1 C		1		

2960	5	7	5	24,3 C		0		

2960	5	8	2	25,2 C		0		

2960	5	9	5	25,4 C		0		

2960	5	10	5	27 C		0		Åska 

2960	5	11	4	27,3 C		0		

2960	5	12	4	28,1 C		0		

2960	5	13	5	28,4 C		0		

2960	5	14	6	29,9 C		0		

2960	5	15	4	13,9 C		4		

2960	5	16	3	14,5 C		0		

2960	5	17	2	14,4 C		0		

2960	5	18	3	13,7 C		0		

2960	5	19	0	13,7 C		0		Lätt Dimma 

2960	5	20	1	14,3 C		4		

2960	5	21	5	14,2 C		1		

2960	5	22	5	15,5 C		0		

2960	5	23	3	15,5 C		0		

2960	5	24	4	16,1 C		0		

2960	5	25	1	16 C		0		

2960	5	26	2	17,3 C		0		

2960	5	27	6	17,3 C		3		

2960	5	28	2	16,7 C		2		

2960	6	1	5	22,2 C		0		

2960	6	2	4	21,5 C		0		

2960	6	3	2	21,5 C		0		

2960	6	4	3	22,1 C		0		

2960	6	5	2	22 C		0		

2960	6	6	1	23,3 C		0		

2960	6	7	5	23,3 C		0		

2960	6	8	1	23 C		0		Åska 

2960	6	9	3	22,9 C		1		

2960	6	10	2	24,2 C		0		

2960	6	11	2	24,2 C		0		

2960	6	12	3	24,8 C		0		

2960	6	13	4	24,7 C		0		

2960	6	14	4	26 C		0		

2960	6	15	4	18,1 C		0		

2960	6	16	5	18,8 C		0		

2960	6	17	4	18,9 C		0		

2960	6	18	5	18,4 C		0		

2960	6	19	1	18,5 C		0		

2960	6	20	2	19,2 C		0		

2960	6	21	1	19,3 C		5		

2960	6	22	4	20,7 C		12		

2960	6	23	3	20,8 C		5		

2960	6	24	7	20,4 C		6		

2960	6	25	3	22,5 C		1		

2960	6	26	4	21,9 C		0		

2960	6	27	2	22 C		0		

2960	6	28	5	22,8 C		0		

2960	7	1	1	29,3 C		3		

2960	7	2	3	30,7 C		1		

2960	7	3	2	30,8 C		0		

2960	7	4	2	30,7 C		0		

2960	7	5	5	30,8 C		0		

2960	7	6	1	32,2 C		0		

2960	7	7	5	32,3 C		0		

2960	7	8	4	33,1 C		0		

2960	7	9	3	33,1 C		0		Lätt Dimma 

2960	7	10	3	32,6 C		0		

2960	7	11	2	34,7 C		18		

2960	7	12	0	33,4 C		7		Lätt Dimma 

2960	7	13	4	35,5 C		0		

2960	7	14	8	34,9 C		8		

2960	7	15	4	22,6 C		6		

2960	7	16	5	22,9 C		1		

2960	7	17	4	22,6 C		1		

2960	7	18	5	23,6 C		0		

2960	7	19	1	23,3 C		0		

2960	7	20	0	22,4 C		0		Tjock Dimma 

2960	7	21	4	24,1 C		5		

2960	7	22	4	23,1 C		0		

2960	7	23	5	22,8 C		0		

2960	7	24	5	23,1 C		0		

2960	7	25	3	22,7 C		1		

2960	7	26	3	23,7 C		1		Åska 

2960	7	27	1	23,4 C		0		

2960	7	28	2	23,7 C		0		

2960	8	1	1	23,5 C		0		

2960	8	2	5	22,5 C		0		

2960	8	3	3	22,2 C		0		

2960	8	4	3	22,5 C		0		

2960	8	5	1	22,2 C		0		

2960	8	6	5	23,2 C		0		

2960	8	7	5	22,8 C		0		Molnklart 

2960	8	8	9	23,1 C		7		

2960	8	9	13	22,8 C		11		

2960	8	10	9	23,8 C		10		

2960	8	11	5	23,5 C		4		

2960	8	12	3	23,8 C		2		Magistorm 

2960	8	13	7	23,4 C		3		

2960	8	14	8	22,5 C		4		

2960	8	15	4	21,9 C		0		

2960	8	16	5	22,9 C		0		

2960	8	17	4	22,3 C		7		

2960	8	18	4	23,1 C		3		

2960	8	19	2	22,6 C		2		

2960	8	20	3	22,6 C		3		

2960	8	21	6	22,1 C		3		

2960	8	22	2	20,9 C		1		

2960	8	23	5	20,3 C		10		

2960	8	24	3	20,4 C		6		

2960	8	25	3	19,9 C		1		

2960	8	26	7	20,7 C		1		

2960	8	27	3	20,1 C		2		

2960	8	28	2	20,2 C		3		

2960	9	1	5	16,2 C		2		

2960	9	2	4	17 C		3		

2960	9	3	2	16,5 C		2		

2960	9	4	3	16,6 C		5		

2960	9	5	2	16 C		2		

2960	9	6	1	14,8 C		1		

2960	9	7	0	16,3 C		0		Lätt Dimma 

2960	9	8	4	14,4 C		0		

2960	9	9	3	15,8 C		0		

2960	9	10	3	14,6 C		0		

2960	9	11	2	14 C		1		

2960	9	12	2	15 C		2		

2960	9	13	1	14,4 C		2		

2960	9	14	0	13,2 C		3		Tjock Dimma 

2960	9	15	4	19,8 C		0		

2960	9	16	4	17,1 C		0		

2960	9	17	3	17,7 C		0		

2960	9	18	4	15,6 C		0		

2960	9	19	2	14,2 C		2		

2960	9	20	6	13,4 C		3		

2960	9	21	5	12 C		3		

2960	9	22	1	12 C		3		

2960	9	23	5	10,5 C		1		

2960	9	24	5	9,8 C		2		

2960	9	25	1	8,4 C		1		

2960	9	26	5	6,3 C		1		

2960	9	27	1	6,9 C		0		

2960	9	28	2	5,3 C		1		

2960	10	1	5	?11,6 C		0		

2960	10	2	3	?11,6 C		0		

2960	10	3	1	?13 C		0		

2960	10	4	3	?13,8 C		0		

2960	10	5	5	?15,2 C		1		

2960	10	6	3	?17,3 C		5		

2960	10	7	1	?16,7 C		2		

2960	10	8	3	?18,6 C		3		

2960	10	9	3	?20 C		0		

2960	10	10	1	?20 C		0		

2960	10	11	3	?21,4 C		1		

2960	10	12	5	?22,2 C		0		

2960	10	13	3	?23,6 C		5		

2960	10	14	3	?25,7 C		4		

2960	10	15	3	5,6 C		2		

2960	10	16	5	3,4 C		5		

2960	10	17	4	4,7 C		2		

2960	10	18	5	3,2 C		1		

2960	10	19	3	2,5 C		0		

2960	10	20	5	2,4 C		0		

2960	10	21	1	1,6 C		0		

2960	10	22	5	2,2 C		0		

2960	10	23	1	1,4 C		1		

2960	10	24	5	1,3 C		0		

2960	10	25	4	0,5 C		0		

2960	10	26	0	?0,9 C		0		Lätt Dimma 

2960	10	27	0	0,3 C		8		Tjock Dimma 

2960	10	28	1	?1,8 C		2		

2960	11	1	4	?7 C		1		

2960	11	2	1	?8,4 C		1		

2960	11	3	5	?9,2 C		0		

2960	11	4	1	?8,4 C		0		Värmevåg

2960	11	5	3	?9,2 C		0		

2960	11	6	5	?8,6 C		0		

2960	11	7	3	?9,4 C		0		

2960	11	8	5	?9,5 C		0		

2960	11	9	1	?10,3 C		0		

2960	11	10	5	?11,7 C		1		

2960	11	11	1	?12,5 C		0		

2960	11	12	5	?12,6 C		0		

2960	11	13	1	?13,3 C		0		

2960	11	14	3	?12,8 C		0		

2960	11	15	1	?1,6 C		0		

2960	11	16	5	?1,8 C		0		

2960	11	17	1	?2,6 C		1		

2960	11	18	3	?2,1 C		0		

2960	11	19	3	?3 C		1		Köldknäpp

2960	11	20	3	?4 C		0		

2960	11	21	1	?4,8 C		1		

2960	11	22	5	?4,3 C		0		

2960	11	23	1	?5,2 C		0		

2960	11	24	5	?5,4 C		1		

2960	11	25	1	?6,2 C		1		

2960	11	26	3	?7,7 C		0		

2960	11	27	1	?6,5 C		0		Åska 

2960	11	28	3	?8,7 C		0		

2960	12	1	1	?15,3 C		1		

2960	12	2	4	?16,8 C		2		

2960	12	3	2	?15,6 C		2		

2960	12	4	6	?17,8 C		6		

2960	12	5	2	?16,6 C		2		

2960	12	6	4	?18,1 C		1		

2960	12	7	2	?19 C		4		

2960	12	8	1	?19,2 C		3		

2960	12	9	5	?20 C		0		

2960	12	10	4	?19,5 C		0		

2960	12	11	2	?20,3 C		1		

2960	12	12	4	?20,5 C		5		

2960	12	13	5	?21,3 C		4		Dragon 

2960	12	14	4	?22,8 C		3		

2960	12	15	5	?7,2 C		0		

2960	12	16	4	?7,7 C		0		

2960	12	17	2	?8,1 C		0		

2960	12	18	4	?7 C		0		

2960	12	19	2	?7,4 C		0		Åska 

2960	12	20	4	?7,1 C		0		Värmevåg

2960	12	21	6	?7,4 C		0		

2960	12	22	4	?8,4 C		0		

2960	12	23	8	?8,7 C		6		

2960	12	24	5	?8,4 C		2		

2960	12	25	7	?8,8 C		2		

2960	12	26	3	?7,8 C		5		

2960	12	27	5	?8,1 C		4		

2960	12	28	4	?7,8 C		2		

