Year	Month	Day	Wind	Temperature	Rainfall	Other

2960	1	1	3	?9,1 C		1		

2960	1	2	5	?9,3 C		0		Åska 

2960	1	3	4	?9,4 C		0		

2960	1	4	3	?9,6 C		0		

2960	1	5	7	?9,7 C		0		

2960	1	6	5	?9,9 C		0		Starka vindar (+1 vindstyrka, lättmagisk pneutropi) 

2960	1	7	4	?10 C		1		

2960	1	8	2	?10,1 C		0		

2960	1	9	6	?10,3 C		8		

2960	1	10	5	?10,4 C		8		

2960	1	11	2	?10,6 C		5		

2960	1	12	1	?10,7 C		4		

2960	1	13	3	?10,9 C		1		

2960	1	14	5	?11 C		0		

2960	1	15	5	?6,8 C		3		

2960	1	16	3	?6,6 C		0		

2960	1	17	7	?6,4 C		0		

2960	1	18	4	?6,1 C		0		

2960	1	19	3	?5,9 C		0		

2960	1	20	2	?5,7 C		4		

2960	1	21	4	?5,5 C		1		

2960	1	22	3	?5,3 C		0		

2960	1	23	3	?5,1 C		0		Starka vindar (+1 vindstyrka, lättmagisk pneutropi) 

2960	1	24	1	?4,9 C		0		

2960	1	25	4	?4,6 C		0		

2960	1	26	3	?4,4 C		0		

2960	1	27	2	?4,2 C		4		

2960	1	28	5	?4 C		1		

2960	2	1	2	?0,8 C		0		

2960	2	2	1	?0,6 C		1		

2960	2	3	4	?0,4 C		1		

2960	2	4	5	?0,1 C		0		

2960	2	5	2	0,1 C		0		

2960	2	6	5	0,3 C		0		

2960	2	7	6	0,5 C		0		

2960	2	8	4	0,7 C		0		

2960	2	9	3	0,9 C		4		

2960	2	10	5	1,1 C		0		

2960	2	11	3	1,4 C		0		

2960	2	12	5	1,6 C		0		

2960	2	13	3	1,8 C		0		

2960	2	14	1	2 C		0		

2960	2	15	2	?3,6 C		0		

2960	2	16	0	?3,3 C		0		Tjock Dimma 

2960	2	17	2	?2,9 C		0		

2960	2	18	6	?2,6 C		0		

2960	2	19	5	?2,2 C		0		

2960	2	20	3	?1,9 C		0		

2960	2	21	0	?1,5 C		0		Lätt Dimma 

2960	2	22	4	?1,1 C		0		

2960	2	23	4	?0,8 C		0		

2960	2	24	1	?0,4 C		0		

2960	2	25	1	?0,1 C		0		

2960	2	26	4	0,3 C		0		Åska 

2960	2	27	4	0,6 C		0		

2960	2	28	2	1 C		2		Åska 

2960	3	1	3	6,4 C		1		

2960	3	2	1	6,7 C		0		

2960	3	3	5	7,1 C		0		Starka vindar (+1 vindstyrka, lättmagisk pneutropi) 

2960	3	4	3	7,4 C		0		Starka vindar (+1 vindstyrka, lättmagisk pneutropi) 

2960	3	5	3	7,8 C		1		

2960	3	6	2	8,1 C		1		Åska 

2960	3	7	3	8,5 C		0		

2960	3	8	1	8,9 C		0		

2960	3	9	3	9,2 C		0		

2960	3	10	5	9,6 C		0		

2960	3	11	3	9,9 C		6		Åska Starka vindar (+1 vindstyrka, lättmagisk pneutropi) 

2960	3	12	7	10,3 C		6		

2960	3	13	3	10,6 C		0		

2960	3	14	5	11 C		0		

2960	3	15	3	1,4 C		0		

2960	3	16	5	1,9 C		3		

2960	3	17	1	2,3 C		1		Dragon Starka vindar (+1 vindstyrka, lättmagisk pneutropi) 

2960	3	18	1	2,7 C		0		

2960	3	19	1	3,1 C		0		

2960	3	20	5	3,6 C		0		

2960	3	21	2	4 C		0		

2960	3	22	4	4,4 C		0		

2960	3	23	3	4,9 C		0		

2960	3	24	5	5,3 C		0		

2960	3	25	6	5,7 C		1		Starka vindar (+1 vindstyrka, lättmagisk pneutropi) 

2960	3	26	4	6,1 C		0		Starka vindar (+1 vindstyrka, lättmagisk pneutropi) 

2960	3	27	2	6,6 C		2		Starka vindar (+1 vindstyrka, lättmagisk pneutropi) 

2960	3	28	3	7 C		0		

2960	4	1	7	13,4 C		2		

2960	4	2	5	13,9 C		2		Hagel 

2960	4	3	3	14,3 C		0		

2960	4	4	5	14,7 C		0		

2960	4	5	1	15,1 C		0		

2960	4	6	5	15,6 C		0		

2960	4	7	1	16 C		0		

2960	4	8	1	16,4 C		0		

2960	4	9	1	16,9 C		0		Åska 

2960	4	10	3	17,3 C		4		

2960	4	11	4	17,7 C		1		

2960	4	12	3	18,1 C		0		

2960	4	13	5	18,6 C		0		

2960	4	14	3	19 C		0		

2960	4	15	1	7,1 C		0		

2960	4	16	3	7,3 C		0		

2960	4	17	0	7,4 C		0		Åska Tjock Dimma 

2960	4	18	3	7,6 C		0		

2960	4	19	1	7,7 C		0		

2960	4	20	5	7,9 C		0		

2960	4	21	1	8 C		0		

2960	4	22	3	8,1 C		0		

2960	4	23	1	8,3 C		0		

2960	4	24	3	8,4 C		14		

2960	4	25	5	8,6 C		8		

2960	4	26	3	8,7 C		6		

2960	4	27	3	8,9 C		2		

2960	4	28	3	9 C		1		

2960	5	1	5	11,1 C		0		

2960	5	2	3	11,3 C		0		

2960	5	3	5	11,4 C		0		

2960	5	4	0	11,6 C		8		Lätt Dimma 

2960	5	5	1	11,7 C		3		

2960	5	6	1	11,9 C		1		

2960	5	7	5	12 C		0		

2960	5	8	3	12,1 C		0		

2960	5	9	5	12,3 C		0		

2960	5	10	1	12,4 C		0		Åska 

2960	5	11	5	12,6 C		0		

2960	5	12	1	12,7 C		0		

2960	5	13	5	12,9 C		0		

2960	5	14	4	13 C		0		

2960	5	15	2	9,5 C		4		

2960	5	16	5	10 C		0		

2960	5	17	4	10,5 C		0		

2960	5	18	4	11 C		0		

2960	5	19	0	11,5 C		0		Lätt Dimma 

2960	5	20	4	12 C		4		

2960	5	21	1	12,5 C		1		

2960	5	22	2	13 C		0		

2960	5	23	6	13,5 C		0		

2960	5	24	2	14 C		0		

2960	5	25	6	14,5 C		0		

2960	5	26	2	15 C		0		

2960	5	27	6	15,5 C		3		

2960	5	28	2	16 C		2		

2960	6	1	4	23,5 C		0		

2960	6	2	2	24 C		0		

2960	6	3	4	24,5 C		0		

2960	6	4	2	25 C		0		

2960	6	5	4	25,5 C		0		

2960	6	6	5	26 C		0		

2960	6	7	4	26,5 C		0		

2960	6	8	2	27 C		0		Åska 

2960	6	9	5	27,5 C		1		

2960	6	10	4	28 C		0		

2960	6	11	5	28,5 C		0		

2960	6	12	1	29 C		0		

2960	6	13	3	29,5 C		0		

2960	6	14	1	30 C		0		

2960	6	15	3	16,3 C		0		

2960	6	16	1	16,6 C		0		

2960	6	17	3	16,9 C		0		

2960	6	18	5	17,1 C		0		

2960	6	19	3	17,4 C		0		

2960	6	20	1	17,7 C		0		

2960	6	21	3	18 C		5		

2960	6	22	7	18,3 C		15		

2960	6	23	5	18,6 C		6		

2960	6	24	5	18,9 C		4		

2960	6	25	2	19,1 C		0		

2960	6	26	4	19,4 C		0		

2960	6	27	2	19,7 C		0		

2960	6	28	2	20 C		0		

2960	7	1	6	24,3 C		6		

2960	7	2	4	24,6 C		3		

2960	7	3	4	24,9 C		0		

2960	7	4	4	25,1 C		0		

2960	7	5	4	25,4 C		0		

2960	7	6	6	25,7 C		3		

2960	7	7	4	26 C		0		

2960	7	8	2	26,3 C		0		

2960	7	9	0	26,6 C		0		Lätt Dimma 

2960	7	10	3	26,9 C		0		

2960	7	11	4	27,1 C		18		

2960	7	12	0	27,4 C		7		Lätt Dimma 

2960	7	13	2	27,7 C		0		Starka vindar (+1 vindstyrka, lättmagisk pneutropi) 

2960	7	14	4	28 C		4		

2960	7	15	1	20,1 C		3		

2960	7	16	5	20,1 C		0		Starka vindar (+1 vindstyrka, lättmagisk pneutropi) 

2960	7	17	2	20,2 C		0		

2960	7	18	6	20,3 C		2		

2960	7	19	2	20,4 C		0		

2960	7	20	0	20,4 C		0		Tjock Dimma 

2960	7	21	4	20,5 C		5		

2960	7	22	3	20,6 C		0		

2960	7	23	7	20,6 C		2		Starka vindar (+1 vindstyrka, lättmagisk pneutropi) 

2960	7	24	4	20,7 C		0		Starka vindar (+1 vindstyrka, lättmagisk pneutropi) 

2960	7	25	7	20,8 C		3		

2960	7	26	3	20,9 C		2		Åska 

2960	7	27	7	20,9 C		2		

2960	7	28	3	21 C		1		

2960	8	1	7	22,1 C		1		

2960	8	2	5	22,1 C		0		

2960	8	3	4	22,2 C		0		

2960	8	4	8	22,3 C		2		

2960	8	5	4	22,4 C		0		

2960	8	6	8	22,4 C		0		

2960	8	7	4	22,5 C		0		Molnklart 

2960	8	8	8	22,6 C		7		

2960	8	9	4	22,6 C		4		

2960	8	10	4	22,7 C		3		

2960	8	11	2	22,8 C		0		

2960	8	12	4	22,9 C		0		Magistorm 

2960	8	13	2	22,9 C		0		

2960	8	14	4	23 C		0		

2960	8	15	2	20,6 C		0		

2960	8	16	4	20,1 C		0		

2960	8	17	4	19,7 C		7		

2960	8	18	1	19,3 C		4		

2960	8	19	5	18,9 C		3		

2960	8	20	2	18,4 C		3		

2960	8	21	4	18 C		0		

2960	8	22	2	17,6 C		0		

2960	8	23	4	17,1 C		9		

2960	8	24	1	16,7 C		5		

2960	8	25	4	16,3 C		0		

2960	8	26	8	15,9 C		1		

2960	8	27	4	15,4 C		2		

2960	8	28	2	15 C		3		

2960	9	1	2	8,6 C		2		

2960	9	2	5	8,1 C		3		

2960	9	3	3	7,7 C		2		

2960	9	4	5	7,3 C		5		

2960	9	5	2	6,9 C		2		

2960	9	6	5	6,4 C		1		

2960	9	7	1	6 C		0		Lätt Dimma 

2960	9	8	5	5,6 C		0		

2960	9	9	1	5,1 C		0		

2960	9	10	3	4,7 C		0		

2960	9	11	1	4,3 C		1		

2960	9	12	5	3,9 C		2		

2960	9	13	5	3,4 C		2		

2960	9	14	0	3 C		3		Tjock Dimma 

2960	9	15	4	14,6 C		0		

2960	9	16	3	14,1 C		0		

2960	9	17	5	13,7 C		0		

2960	9	18	1	13,3 C		0		Starka vindar (+1 vindstyrka, lättmagisk pneutropi) 

2960	9	19	5	12,9 C		2		

2960	9	20	3	12,4 C		0		

2960	9	21	3	12 C		1		

2960	9	22	1	11,6 C		2		

2960	9	23	5	11,1 C		1		Starka vindar (+1 vindstyrka, lättmagisk pneutropi) 

2960	9	24	1	10,7 C		2		Starka vindar (+1 vindstyrka, lättmagisk pneutropi) 

2960	9	25	1	10,3 C		1		

2960	9	26	1	9,9 C		1		

2960	9	27	3	9,4 C		0		

2960	9	28	1	9 C		1		

2960	10	1	1	2,6 C		0		Starka vindar (+1 vindstyrka, lättmagisk pneutropi) 

2960	10	2	5	2,1 C		0		

2960	10	3	1	1,7 C		0		

2960	10	4	5	1,3 C		0		

2960	10	5	1	0,9 C		1		Starka vindar (+1 vindstyrka, lättmagisk pneutropi) 

2960	10	6	5	0,4 C		5		

2960	10	7	5	0 C		2		

2960	10	8	3	?0,4 C		3		

2960	10	9	4	?0,9 C		0		

2960	10	10	3	?1,3 C		0		

2960	10	11	2	?1,7 C		1		

2960	10	12	2	?2,1 C		0		

2960	10	13	4	?2,6 C		5		

2960	10	14	4	?3 C		4		

2960	10	15	1	8,6 C		3		

2960	10	16	5	8,3 C		5		

2960	10	17	2	7,9 C		2		

2960	10	18	1	7,6 C		1		Starka vindar (+1 vindstyrka, lättmagisk pneutropi) 

2960	10	19	5	7,2 C		0		

2960	10	20	5	6,9 C		0		

2960	10	21	2	6,5 C		0		

2960	10	22	4	6,1 C		0		

2960	10	23	8	5,8 C		5		

2960	10	24	4	5,4 C		2		

2960	10	25	4	5,1 C		0		

2960	10	26	4	4,7 C		0		Lätt Dimma 

2960	10	27	0	4,4 C		8		Tjock Dimma 

2960	10	28	2	4 C		2		

2960	11	1	3	?1,4 C		1		

2960	11	2	2	?1,7 C		1		

2960	11	3	1	?2,1 C		0		

2960	11	4	5	?2,4 C		0		Värmevåg

2960	11	5	1	?2,8 C		0		

2960	11	6	1	?3,1 C		0		

2960	11	7	4	?3,5 C		0		

2960	11	8	3	?3,9 C		0		Starka vindar (+1 vindstyrka, lättmagisk pneutropi) 

2960	11	9	7	?4,2 C		3		

2960	11	10	5	?4,6 C		3		

2960	11	11	4	?4,9 C		0		

2960	11	12	2	?5,3 C		0		

2960	11	13	6	?5,6 C		2		

2960	11	14	2	?6 C		0		

2960	11	15	3	3,4 C		0		

2960	11	16	1	2,7 C		0		

2960	11	17	3	2,1 C		1		

2960	11	18	1	1,4 C		0		

2960	11	19	1	0,8 C		1		Köldknäpp

2960	11	20	4	0,1 C		0		

2960	11	21	4	?0,5 C		1		

2960	11	22	5	?1,1 C		0		

2960	11	23	2	?1,8 C		0		

2960	11	24	6	?2,4 C		4		

2960	11	25	4	?3,1 C		3		Starka vindar (+1 vindstyrka, lättmagisk pneutropi) 

2960	11	26	5	?3,7 C		1		

2960	11	27	1	?4,4 C		0		Åska 

2960	11	28	5	?5 C		0		

2960	12	1	1	?14,6 C		1		

2960	12	2	4	?15,3 C		2		

2960	12	3	1	?15,9 C		2		

2960	12	4	5	?16,6 C		3		

2960	12	5	3	?17,2 C		0		Starka vindar (+1 vindstyrka, lättmagisk pneutropi) 

2960	12	6	1	?17,9 C		0		

2960	12	7	5	?18,5 C		3		

2960	12	8	5	?19,1 C		2		Starka vindar (+1 vindstyrka, lättmagisk pneutropi) 

2960	12	9	3	?19,8 C		0		

2960	12	10	5	?20,4 C		0		

2960	12	11	6	?21,1 C		4		

2960	12	12	2	?21,7 C		7		

2960	12	13	1	?22,4 C		5		Dragon 

2960	12	14	4	?23 C		3		

2960	12	15	3	?4,9 C		0		

2960	12	16	1	?4,9 C		0		

2960	12	17	1	?4,8 C		0		

2960	12	18	5	?4,7 C		0		

2960	12	19	4	?4,6 C		0		Åska 

2960	12	20	3	?4,6 C		0		Värmevåg

2960	12	21	4	?4,5 C		0		

2960	12	22	3	?4,4 C		0		

2960	12	23	4	?4,4 C		1		

2960	12	24	8	?4,3 C		2		Starka vindar (+1 vindstyrka, lättmagisk pneutropi) 

2960	12	25	4	?4,2 C		0		

2960	12	26	2	?4,1 C		3		

2960	12	27	4	?4,1 C		2		

2960	12	28	5	?4 C		1		

