Year	Month	Day	Wind	Temperature	Rainfall	Other

2960	1	1	4	11 C		0		

2960	1	2	5	10 C		0		

2960	1	3	2	10 C		0		

2960	1	4	3	7 C		0		

2960	1	5	4	5 C		0		

2960	1	6	3	6 C		0		

2960	1	7	7	4 C		0		

2960	1	8	0	-1 C		8		Lätt Dimma 

2960	1	9	4	1 C		5		

2960	1	10	0	-2 C		2		Tjock Dimma Köldknäpp

2960	1	11	3	-1 C		0		

2960	1	12	2	1 C		8		

2960	1	13	5	-1 C		6		

2960	1	14	1	-1 C		5		Lätt Dimma 

2960	1	15	5	-1 C		9		

2960	1	16	2	1 C		2		

2960	1	17	6	1 C		3		

2960	1	18	5	-2 C		3		

2960	1	19	3	-2 C		1		

2960	1	20	4	-4 C		0		

2960	1	21	2	-6 C		1		

2960	1	22	1	-6 C		2		

2960	1	23	0	-5 C		0		Tjock Dimma 

2960	1	24	4	-7 C		1		

2960	1	25	5	-6 C		1		Åska 

2960	1	26	1	-6 C		5		

2960	1	27	5	-2 C		3		

2960	1	28	2	-3 C		0		Molnklart 

2960	2	1	5	-4 C		0		

2960	2	2	4	-3 C		1		

2960	2	3	1	0 C		5		

2960	2	4	2	2 C		2		

2960	2	5	3	0 C		6		

2960	2	6	6	4 C		6		

2960	2	7	2	4 C		4		

2960	2	8	5	3 C		3		

2960	2	9	9	3 C		3		Åska 

2960	2	10	5	5 C		0		Molnklart 

2960	2	11	2	4 C		0		

2960	2	12	4	6 C		0		

2960	2	13	3	9 C		0		

2960	2	14	5	11 C		0		

2960	2	15	5	13 C		0		

2960	2	16	2	11 C		0		

2960	2	17	4	9 C		0		

2960	2	18	3	5 C		5		

2960	2	19	4	4 C		2		

2960	2	20	3	6 C		0		

2960	2	21	3	6 C		0		

2960	2	22	3	5 C		0		

2960	2	23	3	7 C		0		

2960	2	24	4	10 C		0		

2960	2	25	2	4 C		0		Lätt Dimma 

2960	2	26	5	3 C		0		

2960	2	27	5	4 C		0		

2960	2	28	3	5 C		0		

2960	3	1	5	6 C		1		

2960	3	2	2	5 C		4		

2960	3	3	6	4 C		7		

2960	3	4	4	7 C		12		

2960	3	5	1	8 C		4		

2960	3	6	4	7 C		4		Hagel 

2960	3	7	1	5 C		3		

2960	3	8	0	3 C		3		Tjock Dimma 

2960	3	9	4	3 C		0		

2960	3	10	1	8 C		0		

2960	3	11	2	7 C		0		

2960	3	12	3	10 C		0		

2960	3	13	2	9 C		0		

2960	3	14	5	12 C		0		

2960	3	15	6	11 C		2		

2960	3	16	4	10 C		1		

2960	3	17	3	10 C		0		

2960	3	18	5	9 C		0		

2960	3	19	2	7 C		0		

2960	3	20	5	9 C		0		

2960	3	21	4	7 C		0		

2960	3	22	2	10 C		0		

2960	3	23	2	5 C		0		

2960	3	24	2	8 C		0		

2960	3	25	0	7 C		0		Tjock Dimma 

2960	3	26	1	8 C		1		

2960	3	27	5	9 C		0		

2960	3	28	3	10 C		0		

2960	4	1	4	12 C		1		

2960	4	2	1	16 C		0		

2960	4	3	5	13 C		0		Molnklart 

2960	4	4	3	11 C		0		

2960	4	5	5	15 C		0		

2960	4	6	3	11 C		0		

2960	4	7	7	11 C		4		

2960	4	8	5	11 C		7		Åska 

2960	4	9	1	13 C		1		

2960	4	10	1	12 C		0		Åska 

2960	4	11	4	13 C		0		

2960	4	12	3	12 C		0		

2960	4	13	4	14 C		1		

2960	4	14	3	14 C		1		

2960	4	15	4	16 C		1		

2960	4	16	4	17 C		0		

2960	4	17	1	17 C		0		

2960	4	18	1	13 C		0		

2960	4	19	1	14 C		0		

2960	4	20	2	10 C		0		

2960	4	21	4	10 C		5		

2960	4	22	4	14 C		3		

2960	4	23	5	16 C		0		

2960	4	24	3	14 C		0		Åska 

2960	4	25	2	10 C		3		

2960	4	26	3	12 C		2		

2960	4	27	4	10 C		2		

2960	4	28	1	11 C		0		

2960	5	1	5	12 C		1		

2960	5	2	9	15 C		5		

2960	5	3	9	14 C		6		Dragon 

2960	5	4	5	14 C		1		

2960	5	5	4	17 C		0		

2960	5	6	8	16 C		3		

2960	5	7	4	16 C		1		

2960	5	8	2	14 C		0		

2960	5	9	6	13 C		4		

2960	5	10	2	13 C		4		

2960	5	11	3	10 C		0		

2960	5	12	2	11 C		0		

2960	5	13	1	14 C		0		

2960	5	14	4	18 C		0		

2960	5	15	4	16 C		1		

2960	5	16	2	16 C		0		Åska 

2960	5	17	1	19 C		0		

2960	5	18	5	20 C		0		

2960	5	19	2	19 C		0		

2960	5	20	2	19 C		0		

2960	5	21	2	19 C		0		

2960	5	22	2	20 C		0		

2960	5	23	2	18 C		4		

2960	5	24	0	15 C		3		Tjock Dimma 

2960	5	25	3	16 C		0		

2960	5	26	5	16 C		0		

2960	5	27	5	16 C		0		

2960	5	28	5	18 C		0		

2960	6	1	4	21 C		0		

2960	6	2	5	18 C		1		

2960	6	3	3	21 C		0		

2960	6	4	1	20 C		0		

2960	6	5	2	18 C		0		

2960	6	6	4	18 C		1		

2960	6	7	4	15 C		0		

2960	6	8	3	14 C		1		

2960	6	9	5	18 C		0		

2960	6	10	2	17 C		0		

2960	6	11	3	16 C		0		Åska 

2960	6	12	3	15 C		0		

2960	6	13	1	20 C		0		

2960	6	14	1	21 C		0		

2960	6	15	5	18 C		4		

2960	6	16	4	19 C		4		

2960	6	17	3	23 C		0		

2960	6	18	1	22 C		0		

2960	6	19	5	22 C		0		

2960	6	20	5	18 C		0		

2960	6	21	4	19 C		0		

2960	6	22	8	21 C		4		

2960	6	23	4	19 C		0		

2960	6	24	2	18 C		0		

2960	6	25	6	17 C		2		

2960	6	26	2	17 C		1		Åska 

2960	6	27	5	19 C		0		

2960	6	28	1	21 C		4		

2960	7	1	2	20 C		3		

2960	7	2	4	19 C		2		

2960	7	3	3	21 C		1		

2960	7	4	2	21 C		2		

2960	7	5	6	20 C		3		

2960	7	6	5	22 C		3		

2960	7	7	4	23 C		0		

2960	7	8	2	25 C		0		

2960	7	9	5	22 C		1		

2960	7	10	5	20 C		2		

2960	7	11	3	20 C		0		

2960	7	12	5	19 C		2		

2960	7	13	2	16 C		2		

2960	7	14	2	21 C		0		

2960	7	15	5	23 C		0		

2960	7	16	2	24 C		1		

2960	7	17	0	25 C		0		Tjock Dimma 

2960	7	18	1	25 C		0		

2960	7	19	3	22 C		2		

2960	7	20	3	22 C		1		

2960	7	21	4	21 C		1		

2960	7	22	4	24 C		0		Åska 

2960	7	23	2	26 C		0		

2960	7	24	5	24 C		0		

2960	7	25	1	23 C		0		

2960	7	26	1	26 C		0		

2960	7	27	3	24 C		13		

2960	7	28	7	25 C		7		

2960	8	1	4	24 C		4		

2960	8	2	8	22 C		7		

2960	8	3	10	22 C		6		

2960	8	4	6	24 C		8		

2960	8	5	7	23 C		6		

2960	8	6	3	25 C		2		

2960	8	7	2	23 C		1		

2960	8	8	1	24 C		1		Stjärnfall 

2960	8	9	3	26 C		0		

2960	8	10	3	23 C		0		

2960	8	11	3	23 C		0		

2960	8	12	2	24 C		0		

2960	8	13	1	24 C		0		

2960	8	14	3	26 C		0		

2960	8	15	7	28 C		0		

2960	8	16	5	25 C		0		

2960	8	17	2	26 C		0		

2960	8	18	1	27 C		0		

2960	8	19	1	23 C		0		

2960	8	20	3	27 C		0		

2960	8	21	2	26 C		0		

2960	8	22	5	27 C		2		

2960	8	23	5	29 C		2		

2960	8	24	2	28 C		0		

2960	8	25	4	27 C		0		

2960	8	26	3	28 C		0		

2960	8	27	1	29 C		0		

2960	8	28	5	31 C		0		

2960	9	1	1	32 C		0		

2960	9	2	2	30 C		0		

2960	9	3	2	31 C		0		

2960	9	4	4	28 C		0		Åska 

2960	9	5	3	28 C		0		

2960	9	6	1	29 C		0		

2960	9	7	5	27 C		0		Molnklart 

2960	9	8	4	26 C		0		

2960	9	9	2	25 C		0		

2960	9	10	3	23 C		0		

2960	9	11	3	23 C		0		

2960	9	12	4	23 C		0		

2960	9	13	2	23 C		0		

2960	9	14	5	24 C		0		

2960	9	15	3	26 C		2		

2960	9	16	4	23 C		1		

2960	9	17	3	23 C		4		

2960	9	18	3	19 C		7		

2960	9	19	4	24 C		0		

2960	9	20	2	26 C		1		

2960	9	21	6	21 C		2		

2960	9	22	2	22 C		6		

2960	9	23	2	21 C		6		

2960	9	24	5	18 C		0		Molnklart 

2960	9	25	5	20 C		0		

2960	9	26	9	21 C		3		

2960	9	27	13	17 C		7		

2960	9	28	9	17 C		7		

2960	10	1	5	18 C		2		

2960	10	2	4	15 C		0		

2960	10	3	2	14 C		0		

2960	10	4	5	14 C		0		

2960	10	5	1	14 C		0		

2960	10	6	4	15 C		0		

2960	10	7	2	14 C		0		

2960	10	8	3	18 C		0		

2960	10	9	2	18 C		0		

2960	10	10	6	18 C		1		

2960	10	11	5	16 C		0		

2960	10	12	7	13 C		0		

2960	10	13	3	15 C		0		

2960	10	14	5	17 C		0		

2960	10	15	3	15 C		0		

2960	10	16	3	14 C		7		

2960	10	17	3	14 C		0		

2960	10	18	6	15 C		0		

2960	10	19	2	13 C		0		

2960	10	20	2	11 C		4		

2960	10	21	2	14 C		0		

2960	10	22	6	13 C		0		

2960	10	23	3	14 C		0		

2960	10	24	1	15 C		0		

2960	10	25	3	16 C		0		

2960	10	26	1	13 C		1		Åska 

2960	10	27	0	8 C		0		Lätt Dimma 

2960	10	28	4	8 C		2		

2960	11	1	4	7 C		1		

2960	11	2	1	7 C		1		

2960	11	3	2	11 C		0		

2960	11	4	0	10 C		0		Åska Tjock Dimma 

2960	11	5	2	6 C		0		

2960	11	6	3	6 C		0		

2960	11	7	4	8 C		0		

2960	11	8	2	8 C		0		

2960	11	9	4	10 C		0		

2960	11	10	3	10 C		0		Åska 

2960	11	11	2	8 C		0		

2960	11	12	5	9 C		1		

2960	11	13	4	8 C		3		

2960	11	14	4	9 C		0		

2960	11	15	5	9 C		0		

2960	11	16	4	7 C		0		

2960	11	17	4	8 C		0		

2960	11	18	1	9 C		0		

2960	11	19	5	8 C		0		

2960	11	20	1	6 C		0		

2960	11	21	4	3 C		1		

2960	11	22	3	3 C		1		

2960	11	23	4	7 C		6		

2960	11	24	3	11 C		2		

2960	11	25	3	10 C		0		

2960	11	26	3	9 C		0		

2960	11	27	1	9 C		0		

2960	11	28	4	9 C		0		

2960	12	1	4	11 C		3		

2960	12	2	2	10 C		1		

2960	12	3	3	7 C		1		

2960	12	4	5	8 C		0		

2960	12	5	1	10 C		0		

2960	12	6	2	10 C		0		

2960	12	7	4	8 C		0		

2960	12	8	2	3 C		0		

2960	12	9	6	3 C		1		

2960	12	10	2	7 C		6		Åska 

2960	12	11	3	6 C		0		

2960	12	12	5	8 C		0		

2960	12	13	2	6 C		0		

2960	12	14	2	3 C		0		

2960	12	15	4	4 C		0		

2960	12	16	5	2 C		0		

2960	12	17	3	0 C		4		

2960	12	18	1	0 C		2		

2960	12	19	3	0 C		0		

2960	12	20	2	2 C		0		

2960	12	21	1	3 C		0		

2960	12	22	2	7 C		2		

2960	12	23	3	5 C		1		

2960	12	24	5	6 C		3		

2960	12	25	8	5 C		4		

2960	12	26	5	7 C		2		

2960	12	27	4	4 C		1		

2960	12	28	3	8 C		0		

2961	1	1	4	11 C		0		

2961	1	2	5	10 C		0		

2961	1	3	2	10 C		0		

2961	1	4	3	7 C		0		

2961	1	5	4	5 C		0		

2961	1	6	3	6 C		0		

2961	1	7	7	4 C		0		

2961	1	8	0	-1 C		8		Lätt Dimma 

2961	1	9	4	1 C		5		

2961	1	10	0	-2 C		2		Tjock Dimma Köldknäpp

2961	1	11	3	-1 C		0		

2961	1	12	2	1 C		8		

2961	1	13	5	-1 C		6		

2961	1	14	1	-1 C		5		Lätt Dimma 

2961	1	15	5	-1 C		9		

2961	1	16	2	1 C		2		

2961	1	17	6	1 C		3		

2961	1	18	5	-2 C		3		

2961	1	19	3	-2 C		1		

2961	1	20	4	-4 C		0		

2961	1	21	2	-6 C		1		

2961	1	22	1	-6 C		2		

2961	1	23	0	-5 C		0		Tjock Dimma 

2961	1	24	4	-7 C		1		

2961	1	25	5	-6 C		1		Åska 

2961	1	26	1	-6 C		5		

2961	1	27	5	-2 C		3		

2961	1	28	2	-3 C		0		Molnklart 

2961	2	1	5	-4 C		0		

2961	2	2	4	-3 C		1		

2961	2	3	1	0 C		5		

2961	2	4	2	2 C		2		

2961	2	5	3	0 C		6		

2961	2	6	6	4 C		6		

2961	2	7	2	4 C		4		

2961	2	8	5	3 C		3		

2961	2	9	9	3 C		3		Åska 

2961	2	10	5	5 C		0		Molnklart 

2961	2	11	2	4 C		0		

2961	2	12	4	6 C		0		

2961	2	13	3	9 C		0		

2961	2	14	5	11 C		0		

2961	2	15	5	13 C		0		

2961	2	16	2	11 C		0		

2961	2	17	4	9 C		0		

2961	2	18	3	5 C		5		

2961	2	19	4	4 C		2		

2961	2	20	3	6 C		0		

2961	2	21	3	6 C		0		

2961	2	22	3	5 C		0		

2961	2	23	3	7 C		0		

2961	2	24	4	10 C		0		

2961	2	25	2	4 C		0		Lätt Dimma 

2961	2	26	5	3 C		0		

2961	2	27	5	4 C		0		

2961	2	28	3	5 C		0		

2961	3	1	5	6 C		1		

2961	3	2	2	5 C		4		

2961	3	3	6	4 C		7		

2961	3	4	4	7 C		12		

2961	3	5	1	8 C		4		

2961	3	6	4	7 C		4		Hagel 

2961	3	7	1	5 C		3		

2961	3	8	0	3 C		3		Tjock Dimma 

2961	3	9	4	3 C		0		

2961	3	10	1	8 C		0		

2961	3	11	2	7 C		0		

2961	3	12	3	10 C		0		

2961	3	13	2	9 C		0		

2961	3	14	5	12 C		0		

2961	3	15	6	11 C		2		

2961	3	16	4	10 C		1		

2961	3	17	3	10 C		0		

2961	3	18	5	9 C		0		

2961	3	19	2	7 C		0		

2961	3	20	5	9 C		0		

2961	3	21	4	7 C		0		

2961	3	22	2	10 C		0		

2961	3	23	2	5 C		0		

2961	3	24	2	8 C		0		

2961	3	25	0	7 C		0		Tjock Dimma 

2961	3	26	1	8 C		1		

2961	3	27	5	9 C		0		

2961	3	28	3	10 C		0		

2961	4	1	4	12 C		1		

2961	4	2	1	16 C		0		

2961	4	3	5	13 C		0		Molnklart 

2961	4	4	3	11 C		0		

2961	4	5	5	15 C		0		

2961	4	6	3	11 C		0		

2961	4	7	7	11 C		4		

2961	4	8	5	11 C		7		Åska 

2961	4	9	1	13 C		1		

2961	4	10	1	12 C		0		Åska 

2961	4	11	4	13 C		0		

2961	4	12	3	12 C		0		

2961	4	13	4	14 C		1		

2961	4	14	3	14 C		1		

2961	4	15	4	16 C		1		

2961	4	16	4	17 C		0		

2961	4	17	1	17 C		0		

2961	4	18	1	13 C		0		

2961	4	19	1	14 C		0		

2961	4	20	2	10 C		0		

2961	4	21	4	10 C		5		

2961	4	22	4	14 C		3		

2961	4	23	5	16 C		0		

2961	4	24	3	14 C		0		Åska 

2961	4	25	2	10 C		3		

2961	4	26	3	12 C		2		

2961	4	27	4	10 C		2		

2961	4	28	1	11 C		0		

2961	5	1	5	12 C		1		

2961	5	2	9	15 C		5		

2961	5	3	9	14 C		6		Dragon 

2961	5	4	5	14 C		1		

2961	5	5	4	17 C		0		

2961	5	6	8	16 C		3		

2961	5	7	4	16 C		1		

2961	5	8	2	14 C		0		

2961	5	9	6	13 C		4		

2961	5	10	2	13 C		4		

2961	5	11	3	10 C		0		

2961	5	12	2	11 C		0		

2961	5	13	1	14 C		0		

2961	5	14	4	18 C		0		

2961	5	15	4	16 C		1		

2961	5	16	2	16 C		0		Åska 

2961	5	17	1	19 C		0		

2961	5	18	5	20 C		0		

2961	5	19	2	19 C		0		

2961	5	20	2	19 C		0		

2961	5	21	2	19 C		0		

2961	5	22	2	20 C		0		

2961	5	23	2	18 C		4		

2961	5	24	0	15 C		3		Tjock Dimma 

2961	5	25	3	16 C		0		

2961	5	26	5	16 C		0		

2961	5	27	5	16 C		0		

2961	5	28	5	18 C		0		

2961	6	1	4	21 C		0		

2961	6	2	5	18 C		1		

2961	6	3	3	21 C		0		

2961	6	4	1	20 C		0		

2961	6	5	2	18 C		0		

2961	6	6	4	18 C		1		

2961	6	7	4	15 C		0		

2961	6	8	3	14 C		1		

2961	6	9	5	18 C		0		

2961	6	10	2	17 C		0		

2961	6	11	3	16 C		0		Åska 

2961	6	12	3	15 C		0		

2961	6	13	1	20 C		0		

2961	6	14	1	21 C		0		

2961	6	15	5	18 C		4		

2961	6	16	4	19 C		4		

2961	6	17	3	23 C		0		

2961	6	18	1	22 C		0		

2961	6	19	5	22 C		0		

2961	6	20	5	18 C		0		

2961	6	21	4	19 C		0		

2961	6	22	8	21 C		4		

2961	6	23	4	19 C		0		

2961	6	24	2	18 C		0		

2961	6	25	6	17 C		2		

2961	6	26	2	17 C		1		Åska 

2961	6	27	5	19 C		0		

2961	6	28	1	21 C		4		

2961	7	1	2	20 C		3		

2961	7	2	4	19 C		2		

2961	7	3	3	21 C		1		

2961	7	4	2	21 C		2		

2961	7	5	6	20 C		3		

2961	7	6	5	22 C		3		

2961	7	7	4	23 C		0		

2961	7	8	2	25 C		0		

2961	7	9	5	22 C		1		

2961	7	10	5	20 C		2		

2961	7	11	3	20 C		0		

2961	7	12	5	19 C		2		

2961	7	13	2	16 C		2		

2961	7	14	2	21 C		0		

2961	7	15	5	23 C		0		

2961	7	16	2	24 C		1		

2961	7	17	0	25 C		0		Tjock Dimma 

2961	7	18	1	25 C		0		

2961	7	19	3	22 C		2		

2961	7	20	3	22 C		1		

2961	7	21	4	21 C		1		

2961	7	22	4	24 C		0		Åska 

2961	7	23	2	26 C		0		

2961	7	24	5	24 C		0		

2961	7	25	1	23 C		0		

2961	7	26	1	26 C		0		

2961	7	27	3	24 C		13		

2961	7	28	7	25 C		7		

2961	8	1	4	24 C		4		

2961	8	2	8	22 C		7		

2961	8	3	10	22 C		6		

2961	8	4	6	24 C		8		

2961	8	5	7	23 C		6		

2961	8	6	3	25 C		2		

2961	8	7	2	23 C		1		

2961	8	8	1	24 C		1		Stjärnfall 

2961	8	9	3	26 C		0		

2961	8	10	3	23 C		0		

2961	8	11	3	23 C		0		

2961	8	12	2	24 C		0		

2961	8	13	1	24 C		0		

2961	8	14	3	26 C		0		

2961	8	15	7	28 C		0		

2961	8	16	5	25 C		0		

2961	8	17	2	26 C		0		

2961	8	18	1	27 C		0		

2961	8	19	1	23 C		0		

2961	8	20	3	27 C		0		

2961	8	21	2	26 C		0		

2961	8	22	5	27 C		2		

2961	8	23	5	29 C		2		

2961	8	24	2	28 C		0		

2961	8	25	4	27 C		0		

2961	8	26	3	28 C		0		

2961	8	27	1	29 C		0		

2961	8	28	5	31 C		0		

2961	9	1	1	32 C		0		

2961	9	2	2	30 C		0		

2961	9	3	2	31 C		0		

2961	9	4	4	28 C		0		Åska 

2961	9	5	3	28 C		0		

2961	9	6	1	29 C		0		

2961	9	7	5	27 C		0		Molnklart 

2961	9	8	4	26 C		0		

2961	9	9	2	25 C		0		

2961	9	10	3	23 C		0		

2961	9	11	3	23 C		0		

2961	9	12	4	23 C		0		

2961	9	13	2	23 C		0		

2961	9	14	5	24 C		0		

2961	9	15	3	26 C		2		

2961	9	16	4	23 C		1		

2961	9	17	3	23 C		4		

2961	9	18	3	19 C		7		

2961	9	19	4	24 C		0		

2961	9	20	2	26 C		1		

2961	9	21	6	21 C		2		

2961	9	22	2	22 C		6		

2961	9	23	2	21 C		6		

2961	9	24	5	18 C		0		Molnklart 

2961	9	25	5	20 C		0		

2961	9	26	9	21 C		3		

2961	9	27	13	17 C		7		

2961	9	28	9	17 C		7		

2961	10	1	5	18 C		2		

2961	10	2	4	15 C		0		

2961	10	3	2	14 C		0		

2961	10	4	5	14 C		0		

2961	10	5	1	14 C		0		

2961	10	6	4	15 C		0		

2961	10	7	2	14 C		0		

2961	10	8	3	18 C		0		

2961	10	9	2	18 C		0		

2961	10	10	6	18 C		1		

2961	10	11	5	16 C		0		

2961	10	12	7	13 C		0		

2961	10	13	3	15 C		0		

2961	10	14	5	17 C		0		

2961	10	15	3	15 C		0		

2961	10	16	3	14 C		7		

2961	10	17	3	14 C		0		

2961	10	18	6	15 C		0		

2961	10	19	2	13 C		0		

2961	10	20	2	11 C		4		

2961	10	21	2	14 C		0		

2961	10	22	6	13 C		0		

2961	10	23	3	14 C		0		

2961	10	24	1	15 C		0		

2961	10	25	3	16 C		0		

2961	10	26	1	13 C		1		Åska 

2961	10	27	0	8 C		0		Lätt Dimma 

2961	10	28	4	8 C		2		

2961	11	1	4	7 C		1		

2961	11	2	1	7 C		1		

2961	11	3	2	11 C		0		

2961	11	4	0	10 C		0		Åska Tjock Dimma 

2961	11	5	2	6 C		0		

2961	11	6	3	6 C		0		

2961	11	7	4	8 C		0		

2961	11	8	2	8 C		0		

2961	11	9	4	10 C		0		

2961	11	10	3	10 C		0		Åska 

2961	11	11	2	8 C		0		

2961	11	12	5	9 C		1		

2961	11	13	4	8 C		3		

2961	11	14	4	9 C		0		

2961	11	15	5	9 C		0		

2961	11	16	4	7 C		0		

2961	11	17	4	8 C		0		

2961	11	18	1	9 C		0		

2961	11	19	5	8 C		0		

2961	11	20	1	6 C		0		

2961	11	21	4	3 C		1		

2961	11	22	3	3 C		1		

2961	11	23	4	7 C		6		

2961	11	24	3	11 C		2		

2961	11	25	3	10 C		0		

2961	11	26	3	9 C		0		

2961	11	27	1	9 C		0		

2961	11	28	4	9 C		0		

2961	12	1	4	11 C		3		

2961	12	2	2	10 C		1		

2961	12	3	3	7 C		1		

2961	12	4	5	8 C		0		

2961	12	5	1	10 C		0		

2961	12	6	2	10 C		0		

2961	12	7	4	8 C		0		

2961	12	8	2	3 C		0		

2961	12	9	6	3 C		1		

2961	12	10	2	7 C		6		Åska 

2961	12	11	3	6 C		0		

2961	12	12	5	8 C		0		

2961	12	13	2	6 C		0		

2961	12	14	2	3 C		0		

2961	12	15	4	4 C		0		

2961	12	16	5	2 C		0		

2961	12	17	3	0 C		4		

2961	12	18	1	0 C		2		

2961	12	19	3	0 C		0		

2961	12	20	2	2 C		0		

2961	12	21	1	3 C		0		

2961	12	22	2	7 C		2		

2961	12	23	3	5 C		1		

2961	12	24	5	6 C		3		

2961	12	25	8	5 C		4		

2961	12	26	5	7 C		2		

2961	12	27	4	4 C		1		

2961	12	28	3	8 C		0		

2962	1	1	4	11 C		0		

2962	1	2	5	10 C		0		

2962	1	3	2	10 C		0		

2962	1	4	3	7 C		0		

2962	1	5	4	5 C		0		

2962	1	6	3	6 C		0		

2962	1	7	7	4 C		0		

2962	1	8	0	-1 C		8		Lätt Dimma 

2962	1	9	4	1 C		5		

2962	1	10	0	-2 C		2		Tjock Dimma Köldknäpp

2962	1	11	3	-1 C		0		

2962	1	12	2	1 C		8		

2962	1	13	5	-1 C		6		

2962	1	14	1	-1 C		5		Lätt Dimma 

2962	1	15	5	-1 C		9		

2962	1	16	2	1 C		2		

2962	1	17	6	1 C		3		

2962	1	18	5	-2 C		3		

2962	1	19	3	-2 C		1		

2962	1	20	4	-4 C		0		

2962	1	21	2	-6 C		1		

2962	1	22	1	-6 C		2		

2962	1	23	0	-5 C		0		Tjock Dimma 

2962	1	24	4	-7 C		1		

2962	1	25	5	-6 C		1		Åska 

2962	1	26	1	-6 C		5		

2962	1	27	5	-2 C		3		

2962	1	28	2	-3 C		0		Molnklart 

2962	2	1	5	-4 C		0		

2962	2	2	4	-3 C		1		

2962	2	3	1	0 C		5		

2962	2	4	2	2 C		2		

2962	2	5	3	0 C		6		

2962	2	6	6	4 C		6		

2962	2	7	2	4 C		4		

2962	2	8	5	3 C		3		

2962	2	9	9	3 C		3		Åska 

2962	2	10	5	5 C		0		Molnklart 

2962	2	11	2	4 C		0		

2962	2	12	4	6 C		0		

2962	2	13	3	9 C		0		

2962	2	14	5	11 C		0		

2962	2	15	5	13 C		0		

2962	2	16	2	11 C		0		

2962	2	17	4	9 C		0		

2962	2	18	3	5 C		5		

2962	2	19	4	4 C		2		

2962	2	20	3	6 C		0		

2962	2	21	3	6 C		0		

2962	2	22	3	5 C		0		

2962	2	23	3	7 C		0		

2962	2	24	4	10 C		0		

2962	2	25	2	4 C		0		Lätt Dimma 

2962	2	26	5	3 C		0		

2962	2	27	5	4 C		0		

2962	2	28	3	5 C		0		

2962	3	1	5	6 C		1		

2962	3	2	2	5 C		4		

2962	3	3	6	4 C		7		

2962	3	4	4	7 C		12		

2962	3	5	1	8 C		4		

2962	3	6	4	7 C		4		Hagel 

2962	3	7	1	5 C		3		

2962	3	8	0	3 C		3		Tjock Dimma 

2962	3	9	4	3 C		0		

2962	3	10	1	8 C		0		

2962	3	11	2	7 C		0		

2962	3	12	3	10 C		0		

2962	3	13	2	9 C		0		

2962	3	14	5	12 C		0		

2962	3	15	6	11 C		2		

2962	3	16	4	10 C		1		

2962	3	17	3	10 C		0		

2962	3	18	5	9 C		0		

2962	3	19	2	7 C		0		

2962	3	20	5	9 C		0		

2962	3	21	4	7 C		0		

2962	3	22	2	10 C		0		

2962	3	23	2	5 C		0		

2962	3	24	2	8 C		0		

2962	3	25	0	7 C		0		Tjock Dimma 

2962	3	26	1	8 C		1		

2962	3	27	5	9 C		0		

2962	3	28	3	10 C		0		

2962	4	1	4	12 C		1		

2962	4	2	1	16 C		0		

2962	4	3	5	13 C		0		Molnklart 

2962	4	4	3	11 C		0		

2962	4	5	5	15 C		0		

2962	4	6	3	11 C		0		

2962	4	7	7	11 C		4		

2962	4	8	5	11 C		7		Åska 

2962	4	9	1	13 C		1		

2962	4	10	1	12 C		0		Åska 

2962	4	11	4	13 C		0		

2962	4	12	3	12 C		0		

2962	4	13	4	14 C		1		

2962	4	14	3	14 C		1		

2962	4	15	4	16 C		1		

2962	4	16	4	17 C		0		

2962	4	17	1	17 C		0		

2962	4	18	1	13 C		0		

2962	4	19	1	14 C		0		

2962	4	20	2	10 C		0		

2962	4	21	4	10 C		5		

2962	4	22	4	14 C		3		

2962	4	23	5	16 C		0		

2962	4	24	3	14 C		0		Åska 

2962	4	25	2	10 C		3		

2962	4	26	3	12 C		2		

2962	4	27	4	10 C		2		

2962	4	28	1	11 C		0		

2962	5	1	5	12 C		1		

2962	5	2	9	15 C		5		

2962	5	3	9	14 C		6		Dragon 

2962	5	4	5	14 C		1		

2962	5	5	4	17 C		0		

2962	5	6	8	16 C		3		

2962	5	7	4	16 C		1		

2962	5	8	2	14 C		0		

2962	5	9	6	13 C		4		

2962	5	10	2	13 C		4		

2962	5	11	3	10 C		0		

2962	5	12	2	11 C		0		

2962	5	13	1	14 C		0		

2962	5	14	4	18 C		0		

2962	5	15	4	16 C		1		

2962	5	16	2	16 C		0		Åska 

2962	5	17	1	19 C		0		

2962	5	18	5	20 C		0		

2962	5	19	2	19 C		0		

2962	5	20	2	19 C		0		

2962	5	21	2	19 C		0		

2962	5	22	2	20 C		0		

2962	5	23	2	18 C		4		

2962	5	24	0	15 C		3		Tjock Dimma 

2962	5	25	3	16 C		0		

2962	5	26	5	16 C		0		

2962	5	27	5	16 C		0		

2962	5	28	5	18 C		0		

2962	6	1	4	21 C		0		

2962	6	2	5	18 C		1		

2962	6	3	3	21 C		0		

2962	6	4	1	20 C		0		

2962	6	5	2	18 C		0		

2962	6	6	4	18 C		1		

2962	6	7	4	15 C		0		

2962	6	8	3	14 C		1		

2962	6	9	5	18 C		0		

2962	6	10	2	17 C		0		

2962	6	11	3	16 C		0		Åska 

2962	6	12	3	15 C		0		

2962	6	13	1	20 C		0		

2962	6	14	1	21 C		0		

2962	6	15	5	18 C		4		

2962	6	16	4	19 C		4		

2962	6	17	3	23 C		0		

2962	6	18	1	22 C		0		

2962	6	19	5	22 C		0		

2962	6	20	5	18 C		0		

2962	6	21	4	19 C		0		

2962	6	22	8	21 C		4		

2962	6	23	4	19 C		0		

2962	6	24	2	18 C		0		

2962	6	25	6	17 C		2		

2962	6	26	2	17 C		1		Åska 

2962	6	27	5	19 C		0		

2962	6	28	1	21 C		4		

2962	7	1	2	20 C		3		

2962	7	2	4	19 C		2		

2962	7	3	3	21 C		1		

2962	7	4	2	21 C		2		

2962	7	5	6	20 C		3		

2962	7	6	5	22 C		3		

2962	7	7	4	23 C		0		

2962	7	8	2	25 C		0		

2962	7	9	5	22 C		1		

2962	7	10	5	20 C		2		

2962	7	11	3	20 C		0		

2962	7	12	5	19 C		2		

2962	7	13	2	16 C		2		

2962	7	14	2	21 C		0		

2962	7	15	5	23 C		0		

2962	7	16	2	24 C		1		

2962	7	17	0	25 C		0		Tjock Dimma 

2962	7	18	1	25 C		0		

2962	7	19	3	22 C		2		

2962	7	20	3	22 C		1		

2962	7	21	4	21 C		1		

2962	7	22	4	24 C		0		Åska 

2962	7	23	2	26 C		0		

2962	7	24	5	24 C		0		

2962	7	25	1	23 C		0		

2962	7	26	1	26 C		0		

2962	7	27	3	24 C		13		

2962	7	28	7	25 C		7		

2962	8	1	4	24 C		4		

2962	8	2	8	22 C		7		

2962	8	3	10	22 C		6		

2962	8	4	6	24 C		8		

2962	8	5	7	23 C		6		

2962	8	6	3	25 C		2		

2962	8	7	2	23 C		1		

2962	8	8	1	24 C		1		Stjärnfall 

2962	8	9	3	26 C		0		

2962	8	10	3	23 C		0		

2962	8	11	3	23 C		0		

2962	8	12	2	24 C		0		

2962	8	13	1	24 C		0		

2962	8	14	3	26 C		0		

2962	8	15	7	28 C		0		

2962	8	16	5	25 C		0		

2962	8	17	2	26 C		0		

2962	8	18	1	27 C		0		

2962	8	19	1	23 C		0		

2962	8	20	3	27 C		0		

2962	8	21	2	26 C		0		

2962	8	22	5	27 C		2		

2962	8	23	5	29 C		2		

2962	8	24	2	28 C		0		

2962	8	25	4	27 C		0		

2962	8	26	3	28 C		0		

2962	8	27	1	29 C		0		

2962	8	28	5	31 C		0		

2962	9	1	1	32 C		0		

2962	9	2	2	30 C		0		

2962	9	3	2	31 C		0		

2962	9	4	4	28 C		0		Åska 

2962	9	5	3	28 C		0		

2962	9	6	1	29 C		0		

2962	9	7	5	27 C		0		Molnklart 

2962	9	8	4	26 C		0		

2962	9	9	2	25 C		0		

2962	9	10	3	23 C		0		

2962	9	11	3	23 C		0		

2962	9	12	4	23 C		0		

2962	9	13	2	23 C		0		

2962	9	14	5	24 C		0		

2962	9	15	3	26 C		2		

2962	9	16	4	23 C		1		

2962	9	17	3	23 C		4		

2962	9	18	3	19 C		7		

2962	9	19	4	24 C		0		

2962	9	20	2	26 C		1		

2962	9	21	6	21 C		2		

2962	9	22	2	22 C		6		

2962	9	23	2	21 C		6		

2962	9	24	5	18 C		0		Molnklart 

2962	9	25	5	20 C		0		

2962	9	26	9	21 C		3		

2962	9	27	13	17 C		7		

2962	9	28	9	17 C		7		

2962	10	1	5	18 C		2		

2962	10	2	4	15 C		0		

2962	10	3	2	14 C		0		

2962	10	4	5	14 C		0		

2962	10	5	1	14 C		0		

2962	10	6	4	15 C		0		

2962	10	7	2	14 C		0		

2962	10	8	3	18 C		0		

2962	10	9	2	18 C		0		

2962	10	10	6	18 C		1		

2962	10	11	5	16 C		0		

2962	10	12	7	13 C		0		

2962	10	13	3	15 C		0		

2962	10	14	5	17 C		0		

2962	10	15	3	15 C		0		

2962	10	16	3	14 C		7		

2962	10	17	3	14 C		0		

2962	10	18	6	15 C		0		

2962	10	19	2	13 C		0		

2962	10	20	2	11 C		4		

2962	10	21	2	14 C		0		

2962	10	22	6	13 C		0		

2962	10	23	3	14 C		0		

2962	10	24	1	15 C		0		

2962	10	25	3	16 C		0		

2962	10	26	1	13 C		1		Åska 

2962	10	27	0	8 C		0		Lätt Dimma 

2962	10	28	4	8 C		2		

2962	11	1	4	7 C		1		

2962	11	2	1	7 C		1		

2962	11	3	2	11 C		0		

2962	11	4	0	10 C		0		Åska Tjock Dimma 

2962	11	5	2	6 C		0		

2962	11	6	3	6 C		0		

2962	11	7	4	8 C		0		

2962	11	8	2	8 C		0		

2962	11	9	4	10 C		0		

2962	11	10	3	10 C		0		Åska 

2962	11	11	2	8 C		0		

2962	11	12	5	9 C		1		

2962	11	13	4	8 C		3		

2962	11	14	4	9 C		0		

2962	11	15	5	9 C		0		

2962	11	16	4	7 C		0		

2962	11	17	4	8 C		0		

2962	11	18	1	9 C		0		

2962	11	19	5	8 C		0		

2962	11	20	1	6 C		0		

2962	11	21	4	3 C		1		

2962	11	22	3	3 C		1		

2962	11	23	4	7 C		6		

2962	11	24	3	11 C		2		

2962	11	25	3	10 C		0		

2962	11	26	3	9 C		0		

2962	11	27	1	9 C		0		

2962	11	28	4	9 C		0		

2962	12	1	4	11 C		3		

2962	12	2	2	10 C		1		

2962	12	3	3	7 C		1		

2962	12	4	5	8 C		0		

2962	12	5	1	10 C		0		

2962	12	6	2	10 C		0		

2962	12	7	4	8 C		0		

2962	12	8	2	3 C		0		

2962	12	9	6	3 C		1		

2962	12	10	2	7 C		6		Åska 

2962	12	11	3	6 C		0		

2962	12	12	5	8 C		0		

2962	12	13	2	6 C		0		

2962	12	14	2	3 C		0		

2962	12	15	4	4 C		0		

2962	12	16	5	2 C		0		

2962	12	17	3	0 C		4		

2962	12	18	1	0 C		2		

2962	12	19	3	0 C		0		

2962	12	20	2	2 C		0		

2962	12	21	1	3 C		0		

2962	12	22	2	7 C		2		

2962	12	23	3	5 C		1		

2962	12	24	5	6 C		3		

2962	12	25	8	5 C		4		

2962	12	26	5	7 C		2		

2962	12	27	4	4 C		1		

2962	12	28	3	8 C		0		

2963	1	1	4	11 C		0		

2963	1	2	5	10 C		0		

2963	1	3	2	10 C		0		

2963	1	4	3	7 C		0		

2963	1	5	4	5 C		0		

2963	1	6	3	6 C		0		

2963	1	7	7	4 C		0		

2963	1	8	0	-1 C		8		Lätt Dimma 

2963	1	9	4	1 C		5		

2963	1	10	0	-2 C		2		Tjock Dimma Köldknäpp

2963	1	11	3	-1 C		0		

2963	1	12	2	1 C		8		

2963	1	13	5	-1 C		6		

2963	1	14	1	-1 C		5		Lätt Dimma 

2963	1	15	5	-1 C		9		

2963	1	16	2	1 C		2		

2963	1	17	6	1 C		3		

2963	1	18	5	-2 C		3		

2963	1	19	3	-2 C		1		

2963	1	20	4	-4 C		0		

2963	1	21	2	-6 C		1		

2963	1	22	1	-6 C		2		

2963	1	23	0	-5 C		0		Tjock Dimma 

2963	1	24	4	-7 C		1		

2963	1	25	5	-6 C		1		Åska 

2963	1	26	1	-6 C		5		

2963	1	27	5	-2 C		3		

2963	1	28	2	-3 C		0		Molnklart 

2963	2	1	5	-4 C		0		

2963	2	2	4	-3 C		1		

2963	2	3	1	0 C		5		

2963	2	4	2	2 C		2		

2963	2	5	3	0 C		6		

2963	2	6	6	4 C		6		

2963	2	7	2	4 C		4		

2963	2	8	5	3 C		3		

2963	2	9	9	3 C		3		Åska 

2963	2	10	5	5 C		0		Molnklart 

2963	2	11	2	4 C		0		

2963	2	12	4	6 C		0		

2963	2	13	3	9 C		0		

2963	2	14	5	11 C		0		

2963	2	15	5	13 C		0		

2963	2	16	2	11 C		0		

2963	2	17	4	9 C		0		

2963	2	18	3	5 C		5		

2963	2	19	4	4 C		2		

2963	2	20	3	6 C		0		

2963	2	21	3	6 C		0		

2963	2	22	3	5 C		0		

2963	2	23	3	7 C		0		

2963	2	24	4	10 C		0		

2963	2	25	2	4 C		0		Lätt Dimma 

2963	2	26	5	3 C		0		

2963	2	27	5	4 C		0		

2963	2	28	3	5 C		0		

2963	3	1	5	6 C		1		

2963	3	2	2	5 C		4		

2963	3	3	6	4 C		7		

2963	3	4	4	7 C		12		

2963	3	5	1	8 C		4		

2963	3	6	4	7 C		4		Hagel 

2963	3	7	1	5 C		3		

2963	3	8	0	3 C		3		Tjock Dimma 

2963	3	9	4	3 C		0		

2963	3	10	1	8 C		0		

2963	3	11	2	7 C		0		

2963	3	12	3	10 C		0		

2963	3	13	2	9 C		0		

2963	3	14	5	12 C		0		

2963	3	15	6	11 C		2		

2963	3	16	4	10 C		1		

2963	3	17	3	10 C		0		

2963	3	18	5	9 C		0		

2963	3	19	2	7 C		0		

2963	3	20	5	9 C		0		

2963	3	21	4	7 C		0		

2963	3	22	2	10 C		0		

2963	3	23	2	5 C		0		

2963	3	24	2	8 C		0		

2963	3	25	0	7 C		0		Tjock Dimma 

2963	3	26	1	8 C		1		

2963	3	27	5	9 C		0		

2963	3	28	3	10 C		0		

2963	4	1	4	12 C		1		

2963	4	2	1	16 C		0		

2963	4	3	5	13 C		0		Molnklart 

2963	4	4	3	11 C		0		

2963	4	5	5	15 C		0		

2963	4	6	3	11 C		0		

2963	4	7	7	11 C		4		

2963	4	8	5	11 C		7		Åska 

2963	4	9	1	13 C		1		

2963	4	10	1	12 C		0		Åska 

2963	4	11	4	13 C		0		

2963	4	12	3	12 C		0		

2963	4	13	4	14 C		1		

2963	4	14	3	14 C		1		

2963	4	15	4	16 C		1		

2963	4	16	4	17 C		0		

2963	4	17	1	17 C		0		

2963	4	18	1	13 C		0		

2963	4	19	1	14 C		0		

2963	4	20	2	10 C		0		

2963	4	21	4	10 C		5		

2963	4	22	4	14 C		3		

2963	4	23	5	16 C		0		

2963	4	24	3	14 C		0		Åska 

2963	4	25	2	10 C		3		

2963	4	26	3	12 C		2		

2963	4	27	4	10 C		2		

2963	4	28	1	11 C		0		

2963	5	1	5	12 C		1		

2963	5	2	9	15 C		5		

2963	5	3	9	14 C		6		Dragon 

2963	5	4	5	14 C		1		

2963	5	5	4	17 C		0		

2963	5	6	8	16 C		3		

2963	5	7	4	16 C		1		

2963	5	8	2	14 C		0		

2963	5	9	6	13 C		4		

2963	5	10	2	13 C		4		

2963	5	11	3	10 C		0		

2963	5	12	2	11 C		0		

2963	5	13	1	14 C		0		

2963	5	14	4	18 C		0		

2963	5	15	4	16 C		1		

2963	5	16	2	16 C		0		Åska 

2963	5	17	1	19 C		0		

2963	5	18	5	20 C		0		

2963	5	19	2	19 C		0		

2963	5	20	2	19 C		0		

2963	5	21	2	19 C		0		

2963	5	22	2	20 C		0		

2963	5	23	2	18 C		4		

2963	5	24	0	15 C		3		Tjock Dimma 

2963	5	25	3	16 C		0		

2963	5	26	5	16 C		0		

2963	5	27	5	16 C		0		

2963	5	28	5	18 C		0		

2963	6	1	4	21 C		0		

2963	6	2	5	18 C		1		

2963	6	3	3	21 C		0		

2963	6	4	1	20 C		0		

2963	6	5	2	18 C		0		

2963	6	6	4	18 C		1		

2963	6	7	4	15 C		0		

2963	6	8	3	14 C		1		

2963	6	9	5	18 C		0		

2963	6	10	2	17 C		0		

2963	6	11	3	16 C		0		Åska 

2963	6	12	3	15 C		0		

2963	6	13	1	20 C		0		

2963	6	14	1	21 C		0		

2963	6	15	5	18 C		4		

2963	6	16	4	19 C		4		

2963	6	17	3	23 C		0		

2963	6	18	1	22 C		0		

2963	6	19	5	22 C		0		

2963	6	20	5	18 C		0		

2963	6	21	4	19 C		0		

2963	6	22	8	21 C		4		

2963	6	23	4	19 C		0		

2963	6	24	2	18 C		0		

2963	6	25	6	17 C		2		

2963	6	26	2	17 C		1		Åska 

2963	6	27	5	19 C		0		

2963	6	28	1	21 C		4		

2963	7	1	2	20 C		3		

2963	7	2	4	19 C		2		

2963	7	3	3	21 C		1		

2963	7	4	2	21 C		2		

2963	7	5	6	20 C		3		

2963	7	6	5	22 C		3		

2963	7	7	4	23 C		0		

2963	7	8	2	25 C		0		

2963	7	9	5	22 C		1		

2963	7	10	5	20 C		2		

2963	7	11	3	20 C		0		

2963	7	12	5	19 C		2		

2963	7	13	2	16 C		2		

2963	7	14	2	21 C		0		

2963	7	15	5	23 C		0		

2963	7	16	2	24 C		1		

2963	7	17	0	25 C		0		Tjock Dimma 

2963	7	18	1	25 C		0		

2963	7	19	3	22 C		2		

2963	7	20	3	22 C		1		

2963	7	21	4	21 C		1		

2963	7	22	4	24 C		0		Åska 

2963	7	23	2	26 C		0		

2963	7	24	5	24 C		0		

2963	7	25	1	23 C		0		

2963	7	26	1	26 C		0		

2963	7	27	3	24 C		13		

2963	7	28	7	25 C		7		

2963	8	1	4	24 C		4		

2963	8	2	8	22 C		7		

2963	8	3	10	22 C		6		

2963	8	4	6	24 C		8		

2963	8	5	7	23 C		6		

2963	8	6	3	25 C		2		

2963	8	7	2	23 C		1		

2963	8	8	1	24 C		1		Stjärnfall 

2963	8	9	3	26 C		0		

2963	8	10	3	23 C		0		

2963	8	11	3	23 C		0		

2963	8	12	2	24 C		0		

2963	8	13	1	24 C		0		

2963	8	14	3	26 C		0		

2963	8	15	7	28 C		0		

2963	8	16	5	25 C		0		

2963	8	17	2	26 C		0		

2963	8	18	1	27 C		0		

2963	8	19	1	23 C		0		

2963	8	20	3	27 C		0		

2963	8	21	2	26 C		0		

2963	8	22	5	27 C		2		

2963	8	23	5	29 C		2		

2963	8	24	2	28 C		0		

2963	8	25	4	27 C		0		

2963	8	26	3	28 C		0		

2963	8	27	1	29 C		0		

2963	8	28	5	31 C		0		

2963	9	1	1	32 C		0		

2963	9	2	2	30 C		0		

2963	9	3	2	31 C		0		

2963	9	4	4	28 C		0		Åska 

2963	9	5	3	28 C		0		

2963	9	6	1	29 C		0		

2963	9	7	5	27 C		0		Molnklart 

2963	9	8	4	26 C		0		

2963	9	9	2	25 C		0		

2963	9	10	3	23 C		0		

2963	9	11	3	23 C		0		

2963	9	12	4	23 C		0		

2963	9	13	2	23 C		0		

2963	9	14	5	24 C		0		

2963	9	15	3	26 C		2		

2963	9	16	4	23 C		1		

2963	9	17	3	23 C		4		

2963	9	18	3	19 C		7		

2963	9	19	4	24 C		0		

2963	9	20	2	26 C		1		

2963	9	21	6	21 C		2		

2963	9	22	2	22 C		6		

2963	9	23	2	21 C		6		

2963	9	24	5	18 C		0		Molnklart 

2963	9	25	5	20 C		0		

2963	9	26	9	21 C		3		

2963	9	27	13	17 C		7		

2963	9	28	9	17 C		7		

2963	10	1	5	18 C		2		

2963	10	2	4	15 C		0		

2963	10	3	2	14 C		0		

2963	10	4	5	14 C		0		

2963	10	5	1	14 C		0		

2963	10	6	4	15 C		0		

2963	10	7	2	14 C		0		

2963	10	8	3	18 C		0		

2963	10	9	2	18 C		0		

2963	10	10	6	18 C		1		

2963	10	11	5	16 C		0		

2963	10	12	7	13 C		0		

2963	10	13	3	15 C		0		

2963	10	14	5	17 C		0		

2963	10	15	3	15 C		0		

2963	10	16	3	14 C		7		

2963	10	17	3	14 C		0		

2963	10	18	6	15 C		0		

2963	10	19	2	13 C		0		

2963	10	20	2	11 C		4		

2963	10	21	2	14 C		0		

2963	10	22	6	13 C		0		

2963	10	23	3	14 C		0		

2963	10	24	1	15 C		0		

2963	10	25	3	16 C		0		

2963	10	26	1	13 C		1		Åska 

2963	10	27	0	8 C		0		Lätt Dimma 

2963	10	28	4	8 C		2		

2963	11	1	4	7 C		1		

2963	11	2	1	7 C		1		

2963	11	3	2	11 C		0		

2963	11	4	0	10 C		0		Åska Tjock Dimma 

2963	11	5	2	6 C		0		

2963	11	6	3	6 C		0		

2963	11	7	4	8 C		0		

2963	11	8	2	8 C		0		

2963	11	9	4	10 C		0		

2963	11	10	3	10 C		0		Åska 

2963	11	11	2	8 C		0		

2963	11	12	5	9 C		1		

2963	11	13	4	8 C		3		

2963	11	14	4	9 C		0		

2963	11	15	5	9 C		0		

2963	11	16	4	7 C		0		

2963	11	17	4	8 C		0		

2963	11	18	1	9 C		0		

2963	11	19	5	8 C		0		

2963	11	20	1	6 C		0		

2963	11	21	4	3 C		1		

2963	11	22	3	3 C		1		

2963	11	23	4	7 C		6		

2963	11	24	3	11 C		2		

2963	11	25	3	10 C		0		

2963	11	26	3	9 C		0		

2963	11	27	1	9 C		0		

2963	11	28	4	9 C		0		

2963	12	1	4	11 C		3		

2963	12	2	2	10 C		1		

2963	12	3	3	7 C		1		

2963	12	4	5	8 C		0		

2963	12	5	1	10 C		0		

2963	12	6	2	10 C		0		

2963	12	7	4	8 C		0		

2963	12	8	2	3 C		0		

2963	12	9	6	3 C		1		

2963	12	10	2	7 C		6		Åska 

2963	12	11	3	6 C		0		

2963	12	12	5	8 C		0		

2963	12	13	2	6 C		0		

2963	12	14	2	3 C		0		

2963	12	15	4	4 C		0		

2963	12	16	5	2 C		0		

2963	12	17	3	0 C		4		

2963	12	18	1	0 C		2		

2963	12	19	3	0 C		0		

2963	12	20	2	2 C		0		

2963	12	21	1	3 C		0		

2963	12	22	2	7 C		2		

2963	12	23	3	5 C		1		

2963	12	24	5	6 C		3		

2963	12	25	8	5 C		4		

2963	12	26	5	7 C		2		

2963	12	27	4	4 C		1		

2963	12	28	3	8 C		0		

2964	1	1	4	11 C		0		

2964	1	2	5	10 C		0		

2964	1	3	2	10 C		0		

2964	1	4	3	7 C		0		

2964	1	5	4	5 C		0		

2964	1	6	3	6 C		0		

2964	1	7	7	4 C		0		

2964	1	8	0	-1 C		8		Lätt Dimma 

2964	1	9	4	1 C		5		

2964	1	10	0	-2 C		2		Tjock Dimma Köldknäpp

2964	1	11	3	-1 C		0		

2964	1	12	2	1 C		8		

2964	1	13	5	-1 C		6		

2964	1	14	1	-1 C		5		Lätt Dimma 

2964	1	15	5	-1 C		9		

2964	1	16	2	1 C		2		

2964	1	17	6	1 C		3		

2964	1	18	5	-2 C		3		

2964	1	19	3	-2 C		1		

2964	1	20	4	-4 C		0		

2964	1	21	2	-6 C		1		

2964	1	22	1	-6 C		2		

2964	1	23	0	-5 C		0		Tjock Dimma 

2964	1	24	4	-7 C		1		

2964	1	25	5	-6 C		1		Åska 

2964	1	26	1	-6 C		5		

2964	1	27	5	-2 C		3		

2964	1	28	2	-3 C		0		Molnklart 

2964	2	1	5	-4 C		0		

2964	2	2	4	-3 C		1		

2964	2	3	1	0 C		5		

2964	2	4	2	2 C		2		

2964	2	5	3	0 C		6		

2964	2	6	6	4 C		6		

2964	2	7	2	4 C		4		

2964	2	8	5	3 C		3		

2964	2	9	9	3 C		3		Åska 

2964	2	10	5	5 C		0		Molnklart 

2964	2	11	2	4 C		0		

2964	2	12	4	6 C		0		

2964	2	13	3	9 C		0		

2964	2	14	5	11 C		0		

2964	2	15	5	13 C		0		

2964	2	16	2	11 C		0		

2964	2	17	4	9 C		0		

2964	2	18	3	5 C		5		

2964	2	19	4	4 C		2		

2964	2	20	3	6 C		0		

2964	2	21	3	6 C		0		

2964	2	22	3	5 C		0		

2964	2	23	3	7 C		0		

2964	2	24	4	10 C		0		

2964	2	25	2	4 C		0		Lätt Dimma 

2964	2	26	5	3 C		0		

2964	2	27	5	4 C		0		

2964	2	28	3	5 C		0		

2964	3	1	5	6 C		1		

2964	3	2	2	5 C		4		

2964	3	3	6	4 C		7		

2964	3	4	4	7 C		12		

2964	3	5	1	8 C		4		

2964	3	6	4	7 C		4		Hagel 

2964	3	7	1	5 C		3		

2964	3	8	0	3 C		3		Tjock Dimma 

2964	3	9	4	3 C		0		

2964	3	10	1	8 C		0		

2964	3	11	2	7 C		0		

2964	3	12	3	10 C		0		

2964	3	13	2	9 C		0		

2964	3	14	5	12 C		0		

2964	3	15	6	11 C		2		

2964	3	16	4	10 C		1		

2964	3	17	3	10 C		0		

2964	3	18	5	9 C		0		

2964	3	19	2	7 C		0		

2964	3	20	5	9 C		0		

2964	3	21	4	7 C		0		

2964	3	22	2	10 C		0		

2964	3	23	2	5 C		0		

2964	3	24	2	8 C		0		

2964	3	25	0	7 C		0		Tjock Dimma 

2964	3	26	1	8 C		1		

2964	3	27	5	9 C		0		

2964	3	28	3	10 C		0		

2964	4	1	4	12 C		1		

2964	4	2	1	16 C		0		

2964	4	3	5	13 C		0		Molnklart 

2964	4	4	3	11 C		0		

2964	4	5	5	15 C		0		

2964	4	6	3	11 C		0		

2964	4	7	7	11 C		4		

2964	4	8	5	11 C		7		Åska 

2964	4	9	1	13 C		1		

2964	4	10	1	12 C		0		Åska 

2964	4	11	4	13 C		0		

2964	4	12	3	12 C		0		

2964	4	13	4	14 C		1		

2964	4	14	3	14 C		1		

2964	4	15	4	16 C		1		

2964	4	16	4	17 C		0		

2964	4	17	1	17 C		0		

2964	4	18	1	13 C		0		

2964	4	19	1	14 C		0		

2964	4	20	2	10 C		0		

2964	4	21	4	10 C		5		

2964	4	22	4	14 C		3		

2964	4	23	5	16 C		0		

2964	4	24	3	14 C		0		Åska 

2964	4	25	2	10 C		3		

2964	4	26	3	12 C		2		

2964	4	27	4	10 C		2		

2964	4	28	1	11 C		0		

2964	5	1	5	12 C		1		

2964	5	2	9	15 C		5		

2964	5	3	9	14 C		6		Dragon 

2964	5	4	5	14 C		1		

2964	5	5	4	17 C		0		

2964	5	6	8	16 C		3		

2964	5	7	4	16 C		1		

2964	5	8	2	14 C		0		

2964	5	9	6	13 C		4		

2964	5	10	2	13 C		4		

2964	5	11	3	10 C		0		

2964	5	12	2	11 C		0		

2964	5	13	1	14 C		0		

2964	5	14	4	18 C		0		

2964	5	15	4	16 C		1		

2964	5	16	2	16 C		0		Åska 

2964	5	17	1	19 C		0		

2964	5	18	5	20 C		0		

2964	5	19	2	19 C		0		

2964	5	20	2	19 C		0		

2964	5	21	2	19 C		0		

2964	5	22	2	20 C		0		

2964	5	23	2	18 C		4		

2964	5	24	0	15 C		3		Tjock Dimma 

2964	5	25	3	16 C		0		

2964	5	26	5	16 C		0		

2964	5	27	5	16 C		0		

2964	5	28	5	18 C		0		

2964	6	1	4	21 C		0		

2964	6	2	5	18 C		1		

2964	6	3	3	21 C		0		

2964	6	4	1	20 C		0		

2964	6	5	2	18 C		0		

2964	6	6	4	18 C		1		

2964	6	7	4	15 C		0		

2964	6	8	3	14 C		1		

2964	6	9	5	18 C		0		

2964	6	10	2	17 C		0		

2964	6	11	3	16 C		0		Åska 

2964	6	12	3	15 C		0		

2964	6	13	1	20 C		0		

2964	6	14	1	21 C		0		

2964	6	15	5	18 C		4		

2964	6	16	4	19 C		4		

2964	6	17	3	23 C		0		

2964	6	18	1	22 C		0		

2964	6	19	5	22 C		0		

2964	6	20	5	18 C		0		

2964	6	21	4	19 C		0		

2964	6	22	8	21 C		4		

2964	6	23	4	19 C		0		

2964	6	24	2	18 C		0		

2964	6	25	6	17 C		2		

2964	6	26	2	17 C		1		Åska 

2964	6	27	5	19 C		0		

2964	6	28	1	21 C		4		

2964	7	1	2	20 C		3		

2964	7	2	4	19 C		2		

2964	7	3	3	21 C		1		

2964	7	4	2	21 C		2		

2964	7	5	6	20 C		3		

2964	7	6	5	22 C		3		

2964	7	7	4	23 C		0		

2964	7	8	2	25 C		0		

2964	7	9	5	22 C		1		

2964	7	10	5	20 C		2		

2964	7	11	3	20 C		0		

2964	7	12	5	19 C		2		

2964	7	13	2	16 C		2		

2964	7	14	2	21 C		0		

2964	7	15	5	23 C		0		

2964	7	16	2	24 C		1		

2964	7	17	0	25 C		0		Tjock Dimma 

2964	7	18	1	25 C		0		

2964	7	19	3	22 C		2		

2964	7	20	3	22 C		1		

2964	7	21	4	21 C		1		

2964	7	22	4	24 C		0		Åska 

2964	7	23	2	26 C		0		

2964	7	24	5	24 C		0		

2964	7	25	1	23 C		0		

2964	7	26	1	26 C		0		

2964	7	27	3	24 C		13		

2964	7	28	7	25 C		7		

2964	8	1	4	24 C		4		

2964	8	2	8	22 C		7		

2964	8	3	10	22 C		6		

2964	8	4	6	24 C		8		

2964	8	5	7	23 C		6		

2964	8	6	3	25 C		2		

2964	8	7	2	23 C		1		

2964	8	8	1	24 C		1		Stjärnfall 

2964	8	9	3	26 C		0		

2964	8	10	3	23 C		0		

2964	8	11	3	23 C		0		

2964	8	12	2	24 C		0		

2964	8	13	1	24 C		0		

2964	8	14	3	26 C		0		

2964	8	15	7	28 C		0		

2964	8	16	5	25 C		0		

2964	8	17	2	26 C		0		

2964	8	18	1	27 C		0		

2964	8	19	1	23 C		0		

2964	8	20	3	27 C		0		

2964	8	21	2	26 C		0		

2964	8	22	5	27 C		2		

2964	8	23	5	29 C		2		

2964	8	24	2	28 C		0		

2964	8	25	4	27 C		0		

2964	8	26	3	28 C		0		

2964	8	27	1	29 C		0		

2964	8	28	5	31 C		0		

2964	9	1	1	32 C		0		

2964	9	2	2	30 C		0		

2964	9	3	2	31 C		0		

2964	9	4	4	28 C		0		Åska 

2964	9	5	3	28 C		0		

2964	9	6	1	29 C		0		

2964	9	7	5	27 C		0		Molnklart 

2964	9	8	4	26 C		0		

2964	9	9	2	25 C		0		

2964	9	10	3	23 C		0		

2964	9	11	3	23 C		0		

2964	9	12	4	23 C		0		

2964	9	13	2	23 C		0		

2964	9	14	5	24 C		0		

2964	9	15	3	26 C		2		

2964	9	16	4	23 C		1		

2964	9	17	3	23 C		4		

2964	9	18	3	19 C		7		

2964	9	19	4	24 C		0		

2964	9	20	2	26 C		1		

2964	9	21	6	21 C		2		

2964	9	22	2	22 C		6		

2964	9	23	2	21 C		6		

2964	9	24	5	18 C		0		Molnklart 

2964	9	25	5	20 C		0		

2964	9	26	9	21 C		3		

2964	9	27	13	17 C		7		

2964	9	28	9	17 C		7		

2964	10	1	5	18 C		2		

2964	10	2	4	15 C		0		

2964	10	3	2	14 C		0		

2964	10	4	5	14 C		0		

2964	10	5	1	14 C		0		

2964	10	6	4	15 C		0		

2964	10	7	2	14 C		0		

2964	10	8	3	18 C		0		

2964	10	9	2	18 C		0		

2964	10	10	6	18 C		1		

2964	10	11	5	16 C		0		

2964	10	12	7	13 C		0		

2964	10	13	3	15 C		0		

2964	10	14	5	17 C		0		

2964	10	15	3	15 C		0		

2964	10	16	3	14 C		7		

2964	10	17	3	14 C		0		

2964	10	18	6	15 C		0		

2964	10	19	2	13 C		0		

2964	10	20	2	11 C		4		

2964	10	21	2	14 C		0		

2964	10	22	6	13 C		0		

2964	10	23	3	14 C		0		

2964	10	24	1	15 C		0		

2964	10	25	3	16 C		0		

2964	10	26	1	13 C		1		Åska 

2964	10	27	0	8 C		0		Lätt Dimma 

2964	10	28	4	8 C		2		

2964	11	1	4	7 C		1		

2964	11	2	1	7 C		1		

2964	11	3	2	11 C		0		

2964	11	4	0	10 C		0		Åska Tjock Dimma 

2964	11	5	2	6 C		0		

2964	11	6	3	6 C		0		

2964	11	7	4	8 C		0		

2964	11	8	2	8 C		0		

2964	11	9	4	10 C		0		

2964	11	10	3	10 C		0		Åska 

2964	11	11	2	8 C		0		

2964	11	12	5	9 C		1		

2964	11	13	4	8 C		3		

2964	11	14	4	9 C		0		

2964	11	15	5	9 C		0		

2964	11	16	4	7 C		0		

2964	11	17	4	8 C		0		

2964	11	18	1	9 C		0		

2964	11	19	5	8 C		0		

2964	11	20	1	6 C		0		

2964	11	21	4	3 C		1		

2964	11	22	3	3 C		1		

2964	11	23	4	7 C		6		

2964	11	24	3	11 C		2		

2964	11	25	3	10 C		0		

2964	11	26	3	9 C		0		

2964	11	27	1	9 C		0		

2964	11	28	4	9 C		0		

2964	12	1	4	11 C		3		

2964	12	2	2	10 C		1		

2964	12	3	3	7 C		1		

2964	12	4	5	8 C		0		

2964	12	5	1	10 C		0		

2964	12	6	2	10 C		0		

2964	12	7	4	8 C		0		

2964	12	8	2	3 C		0		

2964	12	9	6	3 C		1		

2964	12	10	2	7 C		6		Åska 

2964	12	11	3	6 C		0		

2964	12	12	5	8 C		0		

2964	12	13	2	6 C		0		

2964	12	14	2	3 C		0		

2964	12	15	4	4 C		0		

2964	12	16	5	2 C		0		

2964	12	17	3	0 C		4		

2964	12	18	1	0 C		2		

2964	12	19	3	0 C		0		

2964	12	20	2	2 C		0		

2964	12	21	1	3 C		0		

2964	12	22	2	7 C		2		

2964	12	23	3	5 C		1		

2964	12	24	5	6 C		3		

2964	12	25	8	5 C		4		

2964	12	26	5	7 C		2		

2964	12	27	4	4 C		1		

2964	12	28	3	8 C		0		

2965	1	1	4	11 C		0		

2965	1	2	5	10 C		0		

2965	1	3	2	10 C		0		

2965	1	4	3	7 C		0		

2965	1	5	4	5 C		0		

2965	1	6	3	6 C		0		

2965	1	7	7	4 C		0		

2965	1	8	0	-1 C		8		Lätt Dimma 

2965	1	9	4	1 C		5		

2965	1	10	0	-2 C		2		Tjock Dimma Köldknäpp

2965	1	11	3	-1 C		0		

2965	1	12	2	1 C		8		

2965	1	13	5	-1 C		6		

2965	1	14	1	-1 C		5		Lätt Dimma 

2965	1	15	5	-1 C		9		

2965	1	16	2	1 C		2		

2965	1	17	6	1 C		3		

2965	1	18	5	-2 C		3		

2965	1	19	3	-2 C		1		

2965	1	20	4	-4 C		0		

2965	1	21	2	-6 C		1		

2965	1	22	1	-6 C		2		

2965	1	23	0	-5 C		0		Tjock Dimma 

2965	1	24	4	-7 C		1		

2965	1	25	5	-6 C		1		Åska 

2965	1	26	1	-6 C		5		

2965	1	27	5	-2 C		3		

2965	1	28	2	-3 C		0		Molnklart 

2965	2	1	5	-4 C		0		

2965	2	2	4	-3 C		1		

2965	2	3	1	0 C		5		

2965	2	4	2	2 C		2		

2965	2	5	3	0 C		6		

2965	2	6	6	4 C		6		

2965	2	7	2	4 C		4		

2965	2	8	5	3 C		3		

2965	2	9	9	3 C		3		Åska 

2965	2	10	5	5 C		0		Molnklart 

2965	2	11	2	4 C		0		

2965	2	12	4	6 C		0		

2965	2	13	3	9 C		0		

2965	2	14	5	11 C		0		

2965	2	15	5	13 C		0		

2965	2	16	2	11 C		0		

2965	2	17	4	9 C		0		

2965	2	18	3	5 C		5		

2965	2	19	4	4 C		2		

2965	2	20	3	6 C		0		

2965	2	21	3	6 C		0		

2965	2	22	3	5 C		0		

2965	2	23	3	7 C		0		

2965	2	24	4	10 C		0		

2965	2	25	2	4 C		0		Lätt Dimma 

2965	2	26	5	3 C		0		

2965	2	27	5	4 C		0		

2965	2	28	3	5 C		0		

2965	3	1	5	6 C		1		

2965	3	2	2	5 C		4		

2965	3	3	6	4 C		7		

2965	3	4	4	7 C		12		

2965	3	5	1	8 C		4		

2965	3	6	4	7 C		4		Hagel 

2965	3	7	1	5 C		3		

2965	3	8	0	3 C		3		Tjock Dimma 

2965	3	9	4	3 C		0		

2965	3	10	1	8 C		0		

2965	3	11	2	7 C		0		

2965	3	12	3	10 C		0		

2965	3	13	2	9 C		0		

2965	3	14	5	12 C		0		

2965	3	15	6	11 C		2		

2965	3	16	4	10 C		1		

2965	3	17	3	10 C		0		

2965	3	18	5	9 C		0		

2965	3	19	2	7 C		0		

2965	3	20	5	9 C		0		

2965	3	21	4	7 C		0		

2965	3	22	2	10 C		0		

2965	3	23	2	5 C		0		

2965	3	24	2	8 C		0		

2965	3	25	0	7 C		0		Tjock Dimma 

2965	3	26	1	8 C		1		

2965	3	27	5	9 C		0		

2965	3	28	3	10 C		0		

2965	4	1	4	12 C		1		

2965	4	2	1	16 C		0		

2965	4	3	5	13 C		0		Molnklart 

2965	4	4	3	11 C		0		

2965	4	5	5	15 C		0		

2965	4	6	3	11 C		0		

2965	4	7	7	11 C		4		

2965	4	8	5	11 C		7		Åska 

2965	4	9	1	13 C		1		

2965	4	10	1	12 C		0		Åska 

2965	4	11	4	13 C		0		

2965	4	12	3	12 C		0		

2965	4	13	4	14 C		1		

2965	4	14	3	14 C		1		

2965	4	15	4	16 C		1		

2965	4	16	4	17 C		0		

2965	4	17	1	17 C		0		

2965	4	18	1	13 C		0		

2965	4	19	1	14 C		0		

2965	4	20	2	10 C		0		

2965	4	21	4	10 C		5		

2965	4	22	4	14 C		3		

2965	4	23	5	16 C		0		

2965	4	24	3	14 C		0		Åska 

2965	4	25	2	10 C		3		

2965	4	26	3	12 C		2		

2965	4	27	4	10 C		2		

2965	4	28	1	11 C		0		

2965	5	1	5	12 C		1		

2965	5	2	9	15 C		5		

2965	5	3	9	14 C		6		Dragon 

2965	5	4	5	14 C		1		

2965	5	5	4	17 C		0		

2965	5	6	8	16 C		3		

2965	5	7	4	16 C		1		

2965	5	8	2	14 C		0		

2965	5	9	6	13 C		4		

2965	5	10	2	13 C		4		

2965	5	11	3	10 C		0		

2965	5	12	2	11 C		0		

2965	5	13	1	14 C		0		

2965	5	14	4	18 C		0		

2965	5	15	4	16 C		1		

2965	5	16	2	16 C		0		Åska 

2965	5	17	1	19 C		0		

2965	5	18	5	20 C		0		

2965	5	19	2	19 C		0		

2965	5	20	2	19 C		0		

2965	5	21	2	19 C		0		

2965	5	22	2	20 C		0		

2965	5	23	2	18 C		4		

2965	5	24	0	15 C		3		Tjock Dimma 

2965	5	25	3	16 C		0		

2965	5	26	5	16 C		0		

2965	5	27	5	16 C		0		

2965	5	28	5	18 C		0		

2965	6	1	4	21 C		0		

2965	6	2	5	18 C		1		

2965	6	3	3	21 C		0		

2965	6	4	1	20 C		0		

2965	6	5	2	18 C		0		

2965	6	6	4	18 C		1		

2965	6	7	4	15 C		0		

2965	6	8	3	14 C		1		

2965	6	9	5	18 C		0		

2965	6	10	2	17 C		0		

2965	6	11	3	16 C		0		Åska 

2965	6	12	3	15 C		0		

2965	6	13	1	20 C		0		

2965	6	14	1	21 C		0		

2965	6	15	5	18 C		4		

2965	6	16	4	19 C		4		

2965	6	17	3	23 C		0		

2965	6	18	1	22 C		0		

2965	6	19	5	22 C		0		

2965	6	20	5	18 C		0		

2965	6	21	4	19 C		0		

2965	6	22	8	21 C		4		

2965	6	23	4	19 C		0		

2965	6	24	2	18 C		0		

2965	6	25	6	17 C		2		

2965	6	26	2	17 C		1		Åska 

2965	6	27	5	19 C		0		

2965	6	28	1	21 C		4		

2965	7	1	2	20 C		3		

2965	7	2	4	19 C		2		

2965	7	3	3	21 C		1		

2965	7	4	2	21 C		2		

2965	7	5	6	20 C		3		

2965	7	6	5	22 C		3		

2965	7	7	4	23 C		0		

2965	7	8	2	25 C		0		

2965	7	9	5	22 C		1		

2965	7	10	5	20 C		2		

2965	7	11	3	20 C		0		

2965	7	12	5	19 C		2		

2965	7	13	2	16 C		2		

2965	7	14	2	21 C		0		

2965	7	15	5	23 C		0		

2965	7	16	2	24 C		1		

2965	7	17	0	25 C		0		Tjock Dimma 

2965	7	18	1	25 C		0		

2965	7	19	3	22 C		2		

2965	7	20	3	22 C		1		

2965	7	21	4	21 C		1		

2965	7	22	4	24 C		0		Åska 

2965	7	23	2	26 C		0		

2965	7	24	5	24 C		0		

2965	7	25	1	23 C		0		

2965	7	26	1	26 C		0		

2965	7	27	3	24 C		13		

2965	7	28	7	25 C		7		

2965	8	1	4	24 C		4		

2965	8	2	8	22 C		7		

2965	8	3	10	22 C		6		

2965	8	4	6	24 C		8		

2965	8	5	7	23 C		6		

2965	8	6	3	25 C		2		

2965	8	7	2	23 C		1		

2965	8	8	1	24 C		1		Stjärnfall 

2965	8	9	3	26 C		0		

2965	8	10	3	23 C		0		

2965	8	11	3	23 C		0		

2965	8	12	2	24 C		0		

2965	8	13	1	24 C		0		

2965	8	14	3	26 C		0		

2965	8	15	7	28 C		0		

2965	8	16	5	25 C		0		

2965	8	17	2	26 C		0		

2965	8	18	1	27 C		0		

2965	8	19	1	23 C		0		

2965	8	20	3	27 C		0		

2965	8	21	2	26 C		0		

2965	8	22	5	27 C		2		

2965	8	23	5	29 C		2		

2965	8	24	2	28 C		0		

2965	8	25	4	27 C		0		

2965	8	26	3	28 C		0		

2965	8	27	1	29 C		0		

2965	8	28	5	31 C		0		

2965	9	1	1	32 C		0		

2965	9	2	2	30 C		0		

2965	9	3	2	31 C		0		

2965	9	4	4	28 C		0		Åska 

2965	9	5	3	28 C		0		

2965	9	6	1	29 C		0		

2965	9	7	5	27 C		0		Molnklart 

2965	9	8	4	26 C		0		

2965	9	9	2	25 C		0		

2965	9	10	3	23 C		0		

2965	9	11	3	23 C		0		

2965	9	12	4	23 C		0		

2965	9	13	2	23 C		0		

2965	9	14	5	24 C		0		

2965	9	15	3	26 C		2		

2965	9	16	4	23 C		1		

2965	9	17	3	23 C		4		

2965	9	18	3	19 C		7		

2965	9	19	4	24 C		0		

2965	9	20	2	26 C		1		

2965	9	21	6	21 C		2		

2965	9	22	2	22 C		6		

2965	9	23	2	21 C		6		

2965	9	24	5	18 C		0		Molnklart 

2965	9	25	5	20 C		0		

2965	9	26	9	21 C		3		

2965	9	27	13	17 C		7		

2965	9	28	9	17 C		7		

2965	10	1	5	18 C		2		

2965	10	2	4	15 C		0		

2965	10	3	2	14 C		0		

2965	10	4	5	14 C		0		

2965	10	5	1	14 C		0		

2965	10	6	4	15 C		0		

2965	10	7	2	14 C		0		

2965	10	8	3	18 C		0		

2965	10	9	2	18 C		0		

2965	10	10	6	18 C		1		

2965	10	11	5	16 C		0		

2965	10	12	7	13 C		0		

2965	10	13	3	15 C		0		

2965	10	14	5	17 C		0		

2965	10	15	3	15 C		0		

2965	10	16	3	14 C		7		

2965	10	17	3	14 C		0		

2965	10	18	6	15 C		0		

2965	10	19	2	13 C		0		

2965	10	20	2	11 C		4		

2965	10	21	2	14 C		0		

2965	10	22	6	13 C		0		

2965	10	23	3	14 C		0		

2965	10	24	1	15 C		0		

2965	10	25	3	16 C		0		

2965	10	26	1	13 C		1		Åska 

2965	10	27	0	8 C		0		Lätt Dimma 

2965	10	28	4	8 C		2		

2965	11	1	4	7 C		1		

2965	11	2	1	7 C		1		

2965	11	3	2	11 C		0		

2965	11	4	0	10 C		0		Åska Tjock Dimma 

2965	11	5	2	6 C		0		

2965	11	6	3	6 C		0		

2965	11	7	4	8 C		0		

2965	11	8	2	8 C		0		

2965	11	9	4	10 C		0		

2965	11	10	3	10 C		0		Åska 

2965	11	11	2	8 C		0		

2965	11	12	5	9 C		1		

2965	11	13	4	8 C		3		

2965	11	14	4	9 C		0		

2965	11	15	5	9 C		0		

2965	11	16	4	7 C		0		

2965	11	17	4	8 C		0		

2965	11	18	1	9 C		0		

2965	11	19	5	8 C		0		

2965	11	20	1	6 C		0		

2965	11	21	4	3 C		1		

2965	11	22	3	3 C		1		

2965	11	23	4	7 C		6		

2965	11	24	3	11 C		2		

2965	11	25	3	10 C		0		

2965	11	26	3	9 C		0		

2965	11	27	1	9 C		0		

2965	11	28	4	9 C		0		

2965	12	1	4	11 C		3		

2965	12	2	2	10 C		1		

2965	12	3	3	7 C		1		

2965	12	4	5	8 C		0		

2965	12	5	1	10 C		0		

2965	12	6	2	10 C		0		

2965	12	7	4	8 C		0		

2965	12	8	2	3 C		0		

2965	12	9	6	3 C		1		

2965	12	10	2	7 C		6		Åska 

2965	12	11	3	6 C		0		

2965	12	12	5	8 C		0		

2965	12	13	2	6 C		0		

2965	12	14	2	3 C		0		

2965	12	15	4	4 C		0		

2965	12	16	5	2 C		0		

2965	12	17	3	0 C		4		

2965	12	18	1	0 C		2		

2965	12	19	3	0 C		0		

2965	12	20	2	2 C		0		

2965	12	21	1	3 C		0		

2965	12	22	2	7 C		2		

2965	12	23	3	5 C		1		

2965	12	24	5	6 C		3		

2965	12	25	8	5 C		4		

2965	12	26	5	7 C		2		

2965	12	27	4	4 C		1		

2965	12	28	3	8 C		0		

