Year	Month	Day	Wind	Temperature	Rainfall	Other

2960	1	1	4	2 C		1		

2960	1	2	3	2 C		0		

2960	1	3	1	2 C		0		

2960	1	4	3	4 C		2		

2960	1	5	1	3 C		2		Lätt Dimma 

2960	1	6	5	1 C		1		Åska Lätt Dimma 

2960	1	7	9	0 C		2		

2960	1	8	5	3 C		0		

2960	1	9	5	2 C		0		

2960	1	10	2	3 C		0		Lätt Dimma 

2960	1	11	6	3 C		0		

2960	1	12	5	-1 C		0		Köldknäpp

2960	1	13	4	-1 C		0		

2960	1	14	1	-1 C		0		Åska 

2960	1	15	2	0 C		1		

2960	1	16	6	5 C		4		

2960	1	17	2	6 C		0		

2960	1	18	5	4 C		0		

2960	1	19	4	6 C		0		

2960	1	20	1	4 C		0		

2960	1	21	1	-1 C		0		

2960	1	22	5	-2 C		2		

2960	1	23	5	0 C		5		

2960	1	24	4	2 C		3		

2960	1	25	2	0 C		1		

2960	1	26	3	2 C		0		

2960	1	27	5	0 C		0		

2960	1	28	4	3 C		0		

2960	2	1	5	6 C		1		

2960	2	2	2	7 C		18		

2960	2	3	6	6 C		12		

2960	2	4	5	4 C		4		

2960	2	5	4	5 C		1		

2960	2	6	4	4 C		3		

2960	2	7	5	3 C		9		

2960	2	8	4	4 C		6		

2960	2	9	4	5 C		5		

2960	2	10	2	3 C		0		

2960	2	11	3	2 C		0		Tjock Dimma 

2960	2	12	3	0 C		0		

2960	2	13	3	-2 C		4		

2960	2	14	4	-2 C		5		

2960	2	15	4	-1 C		2		

2960	2	16	5	1 C		2		

2960	2	17	4	4 C		0		

2960	2	18	5	1 C		0		

2960	2	19	5	2 C		0		

2960	2	20	1	4 C		1		

2960	2	21	3	8 C		0		

2960	2	22	5	3 C		0		

2960	2	23	3	0 C		0		Lätt Dimma 

2960	2	24	5	2 C		0		

2960	2	25	2	6 C		0		

2960	2	26	3	7 C		0		

2960	2	27	2	5 C		0		

2960	2	28	2	5 C		0		

2960	3	1	6	8 C		4		

2960	3	2	5	8 C		4		

2960	3	3	4	7 C		2		

2960	3	4	1	7 C		0		

2960	3	5	1	9 C		0		

2960	3	6	5	10 C		0		

2960	3	7	3	8 C		0		

2960	3	8	5	11 C		0		

2960	3	9	1	8 C		0		

2960	3	10	4	7 C		0		

2960	3	11	1	8 C		0		

2960	3	12	3	12 C		0		

2960	3	13	2	7 C		0		

2960	3	14	1	9 C		7		

2960	3	15	5	10 C		4		

2960	3	16	1	8 C		3		

2960	3	17	1	8 C		0		

2960	3	18	2	8 C		1		

2960	3	19	5	8 C		2		

2960	3	20	6	13 C		1		

2960	3	21	10	12 C		4		

2960	3	22	6	11 C		2		

2960	3	23	5	7 C		2		

2960	3	24	2	9 C		1		

2960	3	25	2	11 C		0		

2960	3	26	5	9 C		0		

2960	3	27	4	8 C		0		

2960	3	28	3	7 C		0		

2960	4	1	4	11 C		0		

2960	4	2	3	14 C		14		

2960	4	3	3	12 C		7		

2960	4	4	5	8 C		2		Lätt Dimma 

2960	4	5	9	12 C		3		

2960	4	6	5	10 C		3		

2960	4	7	4	9 C		2		

2960	4	8	3	11 C		2		

2960	4	9	5	11 C		3		

2960	4	10	7	10 C		5		

2960	4	11	5	9 C		0		

2960	4	12	1	10 C		0		

2960	4	13	4	9 C		0		

2960	4	14	1	13 C		0		

2960	4	15	5	13 C		0		

2960	4	16	2	14 C		0		

2960	4	17	6	13 C		2		

2960	4	18	5	12 C		0		

2960	4	19	4	15 C		0		Lätt Dimma Värmevåg

2960	4	20	4	17 C		0		

2960	4	21	4	15 C		0		

2960	4	22	1	11 C		0		Tjock Dimma 

2960	4	23	4	13 C		1		

2960	4	24	5	10 C		0		

2960	4	25	3	11 C		1		

2960	4	26	7	10 C		5		

2960	4	27	5	10 C		2		

2960	4	28	1	15 C		0		

2960	5	1	5	19 C		0		

2960	5	2	3	20 C		0		

2960	5	3	7	18 C		3		Åska 

2960	5	4	6	18 C		10		

2960	5	5	4	18 C		3		Åska 

2960	5	6	5	19 C		0		

2960	5	7	9	19 C		4		

2960	5	8	5	22 C		1		

2960	5	9	1	23 C		0		

2960	5	10	4	20 C		0		Lätt Dimma 

2960	5	11	7	18 C		1		

2960	5	12	4	16 C		1		

2960	5	13	8	15 C		1		

2960	5	14	4	14 C		3		

2960	5	15	1	15 C		0		

2960	5	16	5	16 C		0		

2960	5	17	3	13 C		0		

2960	5	18	1	15 C		0		

2960	5	19	4	14 C		5		

2960	5	20	4	12 C		3		

2960	5	21	2	14 C		0		

2960	5	22	5	15 C		0		

2960	5	23	5	18 C		0		

2960	5	24	4	14 C		3		

2960	5	25	3	19 C		0		

2960	5	26	5	21 C		6		

2960	5	27	2	18 C		0		Lätt Dimma 

2960	5	28	1	19 C		0		Magistorm 

2960	6	1	1	18 C		0		

2960	6	2	5	16 C		2		

2960	6	3	5	16 C		1		

2960	6	4	1	16 C		2		

2960	6	5	2	19 C		2		

2960	6	6	6	16 C		4		Tjock Dimma 

2960	6	7	2	14 C		2		

2960	6	8	4	15 C		1		

2960	6	9	1	15 C		0		

2960	6	10	5	15 C		3		

2960	6	11	3	18 C		0		Åska 

2960	6	12	5	17 C		0		

2960	6	13	2	18 C		1		

2960	6	14	5	20 C		1		

2960	6	15	4	18 C		2		

2960	6	16	1	21 C		1		

2960	6	17	3	16 C		1		

2960	6	18	7	16 C		3		

2960	6	19	5	16 C		0		

2960	6	20	3	16 C		1		

2960	6	21	1	21 C		0		

2960	6	22	1	20 C		0		

2960	6	23	1	20 C		1		

2960	6	24	2	22 C		1		Åska 

2960	6	25	5	21 C		1		

2960	6	26	4	20 C		0		

2960	6	27	4	19 C		3		

2960	6	28	4	22 C		2		

2960	7	1	3	21 C		3		

2960	7	2	1	20 C		1		

2960	7	3	3	20 C		2		Tjock Dimma 

2960	7	4	7	20 C		4		Lätt Dimma 

2960	7	5	11	21 C		8		

2960	7	6	7	22 C		7		

2960	7	7	3	23 C		3		

2960	7	8	2	23 C		3		

2960	7	9	5	21 C		8		Åska 

2960	7	10	4	23 C		4		

2960	7	11	2	24 C		1		Lätt Dimma 

2960	7	12	2	22 C		0		

2960	7	13	5	21 C		0		

2960	7	14	4	22 C		0		

2960	7	15	8	25 C		0		

2960	7	16	12	27 C		4		

2960	7	17	8	23 C		5		

2960	7	18	4	24 C		2		

2960	7	19	5	22 C		2		Åska 

2960	7	20	3	26 C		1		

2960	7	21	1	29 C		1		

2960	7	22	4	28 C		0		

2960	7	23	2	25 C		0		

2960	7	24	6	25 C		0		

2960	7	25	5	24 C		1		

2960	7	26	3	25 C		0		

2960	7	27	2	24 C		0		

2960	7	28	1	26 C		0		

2960	8	1	4	27 C		0		

2960	8	2	3	28 C		0		

2960	8	3	3	30 C		0		

2960	8	4	1	29 C		0		

2960	8	5	4	29 C		0		

2960	8	6	1	29 C		0		

2960	8	7	5	31 C		0		

2960	8	8	5	35 C		0		Värmevåg

2960	8	9	5	31 C		0		

2960	8	10	8	33 C		2		

2960	8	11	4	29 C		0		

2960	8	12	5	29 C		0		

2960	8	13	3	24 C		0		

2960	8	14	5	24 C		0		

2960	8	15	1	25 C		2		

2960	8	16	1	26 C		0		

2960	8	17	4	21 C		0		

2960	8	18	1	20 C		0		Lätt Dimma 

2960	8	19	5	22 C		18		

2960	8	20	3	25 C		10		

2960	8	21	4	27 C		6		

2960	8	22	5	24 C		5		

2960	8	23	3	26 C		0		

2960	8	24	2	23 C		3		

2960	8	25	2	25 C		0		

2960	8	26	4	21 C		0		

2960	8	27	1	22 C		1		

2960	8	28	3	23 C		0		

2960	9	1	4	22 C		0		

2960	9	2	1	21 C		0		

2960	9	3	3	19 C		0		

2960	9	4	4	24 C		0		

2960	9	5	2	21 C		0		

2960	9	6	5	19 C		0		

2960	9	7	4	23 C		0		

2960	9	8	4	21 C		0		

2960	9	9	3	20 C		0		

2960	9	10	1	19 C		0		

2960	9	11	3	16 C		0		

2960	9	12	4	15 C		0		Åska 

2960	9	13	3	16 C		0		Åska Tjock Dimma 

2960	9	14	4	19 C		1		Åska 

2960	9	15	3	22 C		0		

2960	9	16	5	20 C		7		

2960	9	17	9	21 C		6		

2960	9	18	5	22 C		2		

2960	9	19	9	16 C		4		Lätt Dimma 

2960	9	20	5	18 C		6		

2960	9	21	3	18 C		3		

2960	9	22	2	19 C		0		

2960	9	23	6	18 C		7		Åska 

2960	9	24	2	19 C		3		

2960	9	25	5	16 C		4		

2960	9	26	7	14 C		3		

2960	9	27	4	9 C		2		Lätt Dimma 

2960	9	28	8	11 C		4		

2960	10	1	4	11 C		0		

2960	10	2	1	12 C		0		

2960	10	3	4	15 C		0		

2960	10	4	8	11 C		2		

2960	10	5	4	14 C		1		

2960	10	6	2	15 C		0		

2960	10	7	2	16 C		0		

2960	10	8	6	13 C		0		

2960	10	9	5	13 C		1		

2960	10	10	3	14 C		0		

2960	10	11	4	17 C		0		

2960	10	12	2	18 C		0		

2960	10	13	3	18 C		0		

2960	10	14	2	19 C		0		Åska 

2960	10	15	5	20 C		0		

2960	10	16	1	16 C		0		

2960	10	17	2	20 C		0		Värmevåg

2960	10	18	3	16 C		0		Tjock Dimma 

2960	10	19	7	14 C		3		

2960	10	20	5	12 C		3		

2960	10	21	5	13 C		2		

2960	10	22	4	16 C		1		

2960	10	23	2	17 C		0		Åska 

2960	10	24	1	18 C		0		

2960	10	25	1	18 C		0		

2960	10	26	1	18 C		4		

2960	10	27	2	16 C		2		

2960	10	28	5	15 C		0		

2960	11	1	1	13 C		0		

2960	11	2	5	10 C		0		

2960	11	3	6	11 C		0		

2960	11	4	4	12 C		0		

2960	11	5	5	12 C		0		

2960	11	6	4	10 C		0		

2960	11	7	1	8 C		0		

2960	11	8	5	9 C		2		

2960	11	9	4	12 C		0		

2960	11	10	2	7 C		0		

2960	11	11	2	8 C		0		

2960	11	12	4	9 C		0		

2960	11	13	4	7 C		1		

2960	11	14	4	9 C		0		

2960	11	15	1	8 C		0		

2960	11	16	2	6 C		0		

2960	11	17	1	9 C		2		

2960	11	18	5	5 C		2		

2960	11	19	3	5 C		1		

2960	11	20	1	8 C		0		

2960	11	21	5	7 C		0		

2960	11	22	3	10 C		0		

2960	11	23	5	9 C		2		

2960	11	24	3	10 C		0		Åska 

2960	11	25	4	9 C		0		

2960	11	26	3	6 C		0		

2960	11	27	3	6 C		0		

2960	11	28	1	7 C		0		

2960	12	1	3	6 C		0		

2960	12	2	7	6 C		2		

2960	12	3	3	9 C		5		

2960	12	4	4	9 C		1		

2960	12	5	2	8 C		0		

2960	12	6	5	3 C		1		

2960	12	7	3	3 C		1		

2960	12	8	5	3 C		0		

2960	12	9	2	3 C		0		

2960	12	10	4	6 C		0		

2960	12	11	5	5 C		0		

2960	12	12	4	6 C		0		

2960	12	13	1	4 C		0		

2960	12	14	2	5 C		0		

2960	12	15	2	9 C		0		

2960	12	16	5	9 C		1		

2960	12	17	3	8 C		1		

2960	12	18	1	8 C		0		

2960	12	19	5	3 C		13		

2960	12	20	3	4 C		6		

2960	12	21	7	4 C		7		Tjock Dimma 

2960	12	22	3	4 C		3		

2960	12	23	5	6 C		0		

2960	12	24	2	7 C		0		

2960	12	25	6	4 C		2		

2960	12	26	4	4 C		4		

2960	12	27	1	3 C		3		

2960	12	28	5	4 C		0		

2961	1	1	4	2 C		1		

2961	1	2	3	2 C		0		

2961	1	3	1	2 C		0		

2961	1	4	3	4 C		2		

2961	1	5	1	3 C		2		Lätt Dimma 

2961	1	6	5	1 C		1		Åska Lätt Dimma 

2961	1	7	9	0 C		2		

2961	1	8	5	3 C		0		

2961	1	9	5	2 C		0		

2961	1	10	2	3 C		0		Lätt Dimma 

2961	1	11	6	3 C		0		

2961	1	12	5	-1 C		0		Köldknäpp

2961	1	13	4	-1 C		0		

2961	1	14	1	-1 C		0		Åska 

2961	1	15	2	0 C		1		

2961	1	16	6	5 C		4		

2961	1	17	2	6 C		0		

2961	1	18	5	4 C		0		

2961	1	19	4	6 C		0		

2961	1	20	1	4 C		0		

2961	1	21	1	-1 C		0		

2961	1	22	5	-2 C		2		

2961	1	23	5	0 C		5		

2961	1	24	4	2 C		3		

2961	1	25	2	0 C		1		

2961	1	26	3	2 C		0		

2961	1	27	5	0 C		0		

2961	1	28	4	3 C		0		

2961	2	1	5	6 C		1		

2961	2	2	2	7 C		18		

2961	2	3	6	6 C		12		

2961	2	4	5	4 C		4		

2961	2	5	4	5 C		1		

2961	2	6	4	4 C		3		

2961	2	7	5	3 C		9		

2961	2	8	4	4 C		6		

2961	2	9	4	5 C		5		

2961	2	10	2	3 C		0		

2961	2	11	3	2 C		0		Tjock Dimma 

2961	2	12	3	0 C		0		

2961	2	13	3	-2 C		4		

2961	2	14	4	-2 C		5		

2961	2	15	4	-1 C		2		

2961	2	16	5	1 C		2		

2961	2	17	4	4 C		0		

2961	2	18	5	1 C		0		

2961	2	19	5	2 C		0		

2961	2	20	1	4 C		1		

2961	2	21	3	8 C		0		

2961	2	22	5	3 C		0		

2961	2	23	3	0 C		0		Lätt Dimma 

2961	2	24	5	2 C		0		

2961	2	25	2	6 C		0		

2961	2	26	3	7 C		0		

2961	2	27	2	5 C		0		

2961	2	28	2	5 C		0		

2961	3	1	6	8 C		4		

2961	3	2	5	8 C		4		

2961	3	3	4	7 C		2		

2961	3	4	1	7 C		0		

2961	3	5	1	9 C		0		

2961	3	6	5	10 C		0		

2961	3	7	3	8 C		0		

2961	3	8	5	11 C		0		

2961	3	9	1	8 C		0		

2961	3	10	4	7 C		0		

2961	3	11	1	8 C		0		

2961	3	12	3	12 C		0		

2961	3	13	2	7 C		0		

2961	3	14	1	9 C		7		

2961	3	15	5	10 C		4		

2961	3	16	1	8 C		3		

2961	3	17	1	8 C		0		

2961	3	18	2	8 C		1		

2961	3	19	5	8 C		2		

2961	3	20	6	13 C		1		

2961	3	21	10	12 C		4		

2961	3	22	6	11 C		2		

2961	3	23	5	7 C		2		

2961	3	24	2	9 C		1		

2961	3	25	2	11 C		0		

2961	3	26	5	9 C		0		

2961	3	27	4	8 C		0		

2961	3	28	3	7 C		0		

2961	4	1	4	11 C		0		

2961	4	2	3	14 C		14		

2961	4	3	3	12 C		7		

2961	4	4	5	8 C		2		Lätt Dimma 

2961	4	5	9	12 C		3		

2961	4	6	5	10 C		3		

2961	4	7	4	9 C		2		

2961	4	8	3	11 C		2		

2961	4	9	5	11 C		3		

2961	4	10	7	10 C		5		

2961	4	11	5	9 C		0		

2961	4	12	1	10 C		0		

2961	4	13	4	9 C		0		

2961	4	14	1	13 C		0		

2961	4	15	5	13 C		0		

2961	4	16	2	14 C		0		

2961	4	17	6	13 C		2		

2961	4	18	5	12 C		0		

2961	4	19	4	15 C		0		Lätt Dimma Värmevåg

2961	4	20	4	17 C		0		

2961	4	21	4	15 C		0		

2961	4	22	1	11 C		0		Tjock Dimma 

2961	4	23	4	13 C		1		

2961	4	24	5	10 C		0		

2961	4	25	3	11 C		1		

2961	4	26	7	10 C		5		

2961	4	27	5	10 C		2		

2961	4	28	1	15 C		0		

2961	5	1	5	19 C		0		

2961	5	2	3	20 C		0		

2961	5	3	7	18 C		3		Åska 

2961	5	4	6	18 C		10		

2961	5	5	4	18 C		3		Åska 

2961	5	6	5	19 C		0		

2961	5	7	9	19 C		4		

2961	5	8	5	22 C		1		

2961	5	9	1	23 C		0		

2961	5	10	4	20 C		0		Lätt Dimma 

2961	5	11	7	18 C		1		

2961	5	12	4	16 C		1		

2961	5	13	8	15 C		1		

2961	5	14	4	14 C		3		

2961	5	15	1	15 C		0		

2961	5	16	5	16 C		0		

2961	5	17	3	13 C		0		

2961	5	18	1	15 C		0		

2961	5	19	4	14 C		5		

2961	5	20	4	12 C		3		

2961	5	21	2	14 C		0		

2961	5	22	5	15 C		0		

2961	5	23	5	18 C		0		

2961	5	24	4	14 C		3		

2961	5	25	3	19 C		0		

2961	5	26	5	21 C		6		

2961	5	27	2	18 C		0		Lätt Dimma 

2961	5	28	1	19 C		0		Magistorm 

2961	6	1	1	18 C		0		

2961	6	2	5	16 C		2		

2961	6	3	5	16 C		1		

2961	6	4	1	16 C		2		

2961	6	5	2	19 C		2		

2961	6	6	6	16 C		4		Tjock Dimma 

2961	6	7	2	14 C		2		

2961	6	8	4	15 C		1		

2961	6	9	1	15 C		0		

2961	6	10	5	15 C		3		

2961	6	11	3	18 C		0		Åska 

2961	6	12	5	17 C		0		

2961	6	13	2	18 C		1		

2961	6	14	5	20 C		1		

2961	6	15	4	18 C		2		

2961	6	16	1	21 C		1		

2961	6	17	3	16 C		1		

2961	6	18	7	16 C		3		

2961	6	19	5	16 C		0		

2961	6	20	3	16 C		1		

2961	6	21	1	21 C		0		

2961	6	22	1	20 C		0		

2961	6	23	1	20 C		1		

2961	6	24	2	22 C		1		Åska 

2961	6	25	5	21 C		1		

2961	6	26	4	20 C		0		

2961	6	27	4	19 C		3		

2961	6	28	4	22 C		2		

2961	7	1	3	21 C		3		

2961	7	2	1	20 C		1		

2961	7	3	3	20 C		2		Tjock Dimma 

2961	7	4	7	20 C		4		Lätt Dimma 

2961	7	5	11	21 C		8		

2961	7	6	7	22 C		7		

2961	7	7	3	23 C		3		

2961	7	8	2	23 C		3		

2961	7	9	5	21 C		8		Åska 

2961	7	10	4	23 C		4		

2961	7	11	2	24 C		1		Lätt Dimma 

2961	7	12	2	22 C		0		

2961	7	13	5	21 C		0		

2961	7	14	4	22 C		0		

2961	7	15	8	25 C		0		

2961	7	16	12	27 C		4		

2961	7	17	8	23 C		5		

2961	7	18	4	24 C		2		

2961	7	19	5	22 C		2		Åska 

2961	7	20	3	26 C		1		

2961	7	21	1	29 C		1		

2961	7	22	4	28 C		0		

2961	7	23	2	25 C		0		

2961	7	24	6	25 C		0		

2961	7	25	5	24 C		1		

2961	7	26	3	25 C		0		

2961	7	27	2	24 C		0		

2961	7	28	1	26 C		0		

2961	8	1	4	27 C		0		

2961	8	2	3	28 C		0		

2961	8	3	3	30 C		0		

2961	8	4	1	29 C		0		

2961	8	5	4	29 C		0		

2961	8	6	1	29 C		0		

2961	8	7	5	31 C		0		

2961	8	8	5	35 C		0		Värmevåg

2961	8	9	5	31 C		0		

2961	8	10	8	33 C		2		

2961	8	11	4	29 C		0		

2961	8	12	5	29 C		0		

2961	8	13	3	24 C		0		

2961	8	14	5	24 C		0		

2961	8	15	1	25 C		2		

2961	8	16	1	26 C		0		

2961	8	17	4	21 C		0		

2961	8	18	1	20 C		0		Lätt Dimma 

2961	8	19	5	22 C		18		

2961	8	20	3	25 C		10		

2961	8	21	4	27 C		6		

2961	8	22	5	24 C		5		

2961	8	23	3	26 C		0		

2961	8	24	2	23 C		3		

2961	8	25	2	25 C		0		

2961	8	26	4	21 C		0		

2961	8	27	1	22 C		1		

2961	8	28	3	23 C		0		

2961	9	1	4	22 C		0		

2961	9	2	1	21 C		0		

2961	9	3	3	19 C		0		

2961	9	4	4	24 C		0		

2961	9	5	2	21 C		0		

2961	9	6	5	19 C		0		

2961	9	7	4	23 C		0		

2961	9	8	4	21 C		0		

2961	9	9	3	20 C		0		

2961	9	10	1	19 C		0		

2961	9	11	3	16 C		0		

2961	9	12	4	15 C		0		Åska 

2961	9	13	3	16 C		0		Åska Tjock Dimma 

2961	9	14	4	19 C		1		Åska 

2961	9	15	3	22 C		0		

2961	9	16	5	20 C		7		

2961	9	17	9	21 C		6		

2961	9	18	5	22 C		2		

2961	9	19	9	16 C		4		Lätt Dimma 

2961	9	20	5	18 C		6		

2961	9	21	3	18 C		3		

2961	9	22	2	19 C		0		

2961	9	23	6	18 C		7		Åska 

2961	9	24	2	19 C		3		

2961	9	25	5	16 C		4		

2961	9	26	7	14 C		3		

2961	9	27	4	9 C		2		Lätt Dimma 

2961	9	28	8	11 C		4		

2961	10	1	4	11 C		0		

2961	10	2	1	12 C		0		

2961	10	3	4	15 C		0		

2961	10	4	8	11 C		2		

2961	10	5	4	14 C		1		

2961	10	6	2	15 C		0		

2961	10	7	2	16 C		0		

2961	10	8	6	13 C		0		

2961	10	9	5	13 C		1		

2961	10	10	3	14 C		0		

2961	10	11	4	17 C		0		

2961	10	12	2	18 C		0		

2961	10	13	3	18 C		0		

2961	10	14	2	19 C		0		Åska 

2961	10	15	5	20 C		0		

2961	10	16	1	16 C		0		

2961	10	17	2	20 C		0		Värmevåg

2961	10	18	3	16 C		0		Tjock Dimma 

2961	10	19	7	14 C		3		

2961	10	20	5	12 C		3		

2961	10	21	5	13 C		2		

2961	10	22	4	16 C		1		

2961	10	23	2	17 C		0		Åska 

2961	10	24	1	18 C		0		

2961	10	25	1	18 C		0		

2961	10	26	1	18 C		4		

2961	10	27	2	16 C		2		

2961	10	28	5	15 C		0		

2961	11	1	1	13 C		0		

2961	11	2	5	10 C		0		

2961	11	3	6	11 C		0		

2961	11	4	4	12 C		0		

2961	11	5	5	12 C		0		

2961	11	6	4	10 C		0		

2961	11	7	1	8 C		0		

2961	11	8	5	9 C		2		

2961	11	9	4	12 C		0		

2961	11	10	2	7 C		0		

2961	11	11	2	8 C		0		

2961	11	12	4	9 C		0		

2961	11	13	4	7 C		1		

2961	11	14	4	9 C		0		

2961	11	15	1	8 C		0		

2961	11	16	2	6 C		0		

2961	11	17	1	9 C		2		

2961	11	18	5	5 C		2		

2961	11	19	3	5 C		1		

2961	11	20	1	8 C		0		

2961	11	21	5	7 C		0		

2961	11	22	3	10 C		0		

2961	11	23	5	9 C		2		

2961	11	24	3	10 C		0		Åska 

2961	11	25	4	9 C		0		

2961	11	26	3	6 C		0		

2961	11	27	3	6 C		0		

2961	11	28	1	7 C		0		

2961	12	1	3	6 C		0		

2961	12	2	7	6 C		2		

2961	12	3	3	9 C		5		

2961	12	4	4	9 C		1		

2961	12	5	2	8 C		0		

2961	12	6	5	3 C		1		

2961	12	7	3	3 C		1		

2961	12	8	5	3 C		0		

2961	12	9	2	3 C		0		

2961	12	10	4	6 C		0		

2961	12	11	5	5 C		0		

2961	12	12	4	6 C		0		

2961	12	13	1	4 C		0		

2961	12	14	2	5 C		0		

2961	12	15	2	9 C		0		

2961	12	16	5	9 C		1		

2961	12	17	3	8 C		1		

2961	12	18	1	8 C		0		

2961	12	19	5	3 C		13		

2961	12	20	3	4 C		6		

2961	12	21	7	4 C		7		Tjock Dimma 

2961	12	22	3	4 C		3		

2961	12	23	5	6 C		0		

2961	12	24	2	7 C		0		

2961	12	25	6	4 C		2		

2961	12	26	4	4 C		4		

2961	12	27	1	3 C		3		

2961	12	28	5	4 C		0		

2962	1	1	4	2 C		1		

2962	1	2	3	2 C		0		

2962	1	3	1	2 C		0		

2962	1	4	3	4 C		2		

2962	1	5	1	3 C		2		Lätt Dimma 

2962	1	6	5	1 C		1		Åska Lätt Dimma 

2962	1	7	9	0 C		2		

2962	1	8	5	3 C		0		

2962	1	9	5	2 C		0		

2962	1	10	2	3 C		0		Lätt Dimma 

2962	1	11	6	3 C		0		

2962	1	12	5	-1 C		0		Köldknäpp

2962	1	13	4	-1 C		0		

2962	1	14	1	-1 C		0		Åska 

2962	1	15	2	0 C		1		

2962	1	16	6	5 C		4		

2962	1	17	2	6 C		0		

2962	1	18	5	4 C		0		

2962	1	19	4	6 C		0		

2962	1	20	1	4 C		0		

2962	1	21	1	-1 C		0		

2962	1	22	5	-2 C		2		

2962	1	23	5	0 C		5		

2962	1	24	4	2 C		3		

2962	1	25	2	0 C		1		

2962	1	26	3	2 C		0		

2962	1	27	5	0 C		0		

2962	1	28	4	3 C		0		

2962	2	1	5	6 C		1		

2962	2	2	2	7 C		18		

2962	2	3	6	6 C		12		

2962	2	4	5	4 C		4		

2962	2	5	4	5 C		1		

2962	2	6	4	4 C		3		

2962	2	7	5	3 C		9		

2962	2	8	4	4 C		6		

2962	2	9	4	5 C		5		

2962	2	10	2	3 C		0		

2962	2	11	3	2 C		0		Tjock Dimma 

2962	2	12	3	0 C		0		

2962	2	13	3	-2 C		4		

2962	2	14	4	-2 C		5		

2962	2	15	4	-1 C		2		

2962	2	16	5	1 C		2		

2962	2	17	4	4 C		0		

2962	2	18	5	1 C		0		

2962	2	19	5	2 C		0		

2962	2	20	1	4 C		1		

2962	2	21	3	8 C		0		

2962	2	22	5	3 C		0		

2962	2	23	3	0 C		0		Lätt Dimma 

2962	2	24	5	2 C		0		

2962	2	25	2	6 C		0		

2962	2	26	3	7 C		0		

2962	2	27	2	5 C		0		

2962	2	28	2	5 C		0		

2962	3	1	6	8 C		4		

2962	3	2	5	8 C		4		

2962	3	3	4	7 C		2		

2962	3	4	1	7 C		0		

2962	3	5	1	9 C		0		

2962	3	6	5	10 C		0		

2962	3	7	3	8 C		0		

2962	3	8	5	11 C		0		

2962	3	9	1	8 C		0		

2962	3	10	4	7 C		0		

2962	3	11	1	8 C		0		

2962	3	12	3	12 C		0		

2962	3	13	2	7 C		0		

2962	3	14	1	9 C		7		

2962	3	15	5	10 C		4		

2962	3	16	1	8 C		3		

2962	3	17	1	8 C		0		

2962	3	18	2	8 C		1		

2962	3	19	5	8 C		2		

2962	3	20	6	13 C		1		

2962	3	21	10	12 C		4		

2962	3	22	6	11 C		2		

2962	3	23	5	7 C		2		

2962	3	24	2	9 C		1		

2962	3	25	2	11 C		0		

2962	3	26	5	9 C		0		

2962	3	27	4	8 C		0		

2962	3	28	3	7 C		0		

2962	4	1	4	11 C		0		

2962	4	2	3	14 C		14		

2962	4	3	3	12 C		7		

2962	4	4	5	8 C		2		Lätt Dimma 

2962	4	5	9	12 C		3		

2962	4	6	5	10 C		3		

2962	4	7	4	9 C		2		

2962	4	8	3	11 C		2		

2962	4	9	5	11 C		3		

2962	4	10	7	10 C		5		

2962	4	11	5	9 C		0		

2962	4	12	1	10 C		0		

2962	4	13	4	9 C		0		

2962	4	14	1	13 C		0		

2962	4	15	5	13 C		0		

2962	4	16	2	14 C		0		

2962	4	17	6	13 C		2		

2962	4	18	5	12 C		0		

2962	4	19	4	15 C		0		Lätt Dimma Värmevåg

2962	4	20	4	17 C		0		

2962	4	21	4	15 C		0		

2962	4	22	1	11 C		0		Tjock Dimma 

2962	4	23	4	13 C		1		

2962	4	24	5	10 C		0		

2962	4	25	3	11 C		1		

2962	4	26	7	10 C		5		

2962	4	27	5	10 C		2		

2962	4	28	1	15 C		0		

2962	5	1	5	19 C		0		

2962	5	2	3	20 C		0		

2962	5	3	7	18 C		3		Åska 

2962	5	4	6	18 C		10		

2962	5	5	4	18 C		3		Åska 

2962	5	6	5	19 C		0		

2962	5	7	9	19 C		4		

2962	5	8	5	22 C		1		

2962	5	9	1	23 C		0		

2962	5	10	4	20 C		0		Lätt Dimma 

2962	5	11	7	18 C		1		

2962	5	12	4	16 C		1		

2962	5	13	8	15 C		1		

2962	5	14	4	14 C		3		

2962	5	15	1	15 C		0		

2962	5	16	5	16 C		0		

2962	5	17	3	13 C		0		

2962	5	18	1	15 C		0		

2962	5	19	4	14 C		5		

2962	5	20	4	12 C		3		

2962	5	21	2	14 C		0		

2962	5	22	5	15 C		0		

2962	5	23	5	18 C		0		

2962	5	24	4	14 C		3		

2962	5	25	3	19 C		0		

2962	5	26	5	21 C		6		

2962	5	27	2	18 C		0		Lätt Dimma 

2962	5	28	1	19 C		0		Magistorm 

2962	6	1	1	18 C		0		

2962	6	2	5	16 C		2		

2962	6	3	5	16 C		1		

2962	6	4	1	16 C		2		

2962	6	5	2	19 C		2		

2962	6	6	6	16 C		4		Tjock Dimma 

2962	6	7	2	14 C		2		

2962	6	8	4	15 C		1		

2962	6	9	1	15 C		0		

2962	6	10	5	15 C		3		

2962	6	11	3	18 C		0		Åska 

2962	6	12	5	17 C		0		

2962	6	13	2	18 C		1		

2962	6	14	5	20 C		1		

2962	6	15	4	18 C		2		

2962	6	16	1	21 C		1		

2962	6	17	3	16 C		1		

2962	6	18	7	16 C		3		

2962	6	19	5	16 C		0		

2962	6	20	3	16 C		1		

2962	6	21	1	21 C		0		

2962	6	22	1	20 C		0		

2962	6	23	1	20 C		1		

2962	6	24	2	22 C		1		Åska 

2962	6	25	5	21 C		1		

2962	6	26	4	20 C		0		

2962	6	27	4	19 C		3		

2962	6	28	4	22 C		2		

2962	7	1	3	21 C		3		

2962	7	2	1	20 C		1		

2962	7	3	3	20 C		2		Tjock Dimma 

2962	7	4	7	20 C		4		Lätt Dimma 

2962	7	5	11	21 C		8		

2962	7	6	7	22 C		7		

2962	7	7	3	23 C		3		

2962	7	8	2	23 C		3		

2962	7	9	5	21 C		8		Åska 

2962	7	10	4	23 C		4		

2962	7	11	2	24 C		1		Lätt Dimma 

2962	7	12	2	22 C		0		

2962	7	13	5	21 C		0		

2962	7	14	4	22 C		0		

2962	7	15	8	25 C		0		

2962	7	16	12	27 C		4		

2962	7	17	8	23 C		5		

2962	7	18	4	24 C		2		

2962	7	19	5	22 C		2		Åska 

2962	7	20	3	26 C		1		

2962	7	21	1	29 C		1		

2962	7	22	4	28 C		0		

2962	7	23	2	25 C		0		

2962	7	24	6	25 C		0		

2962	7	25	5	24 C		1		

2962	7	26	3	25 C		0		

2962	7	27	2	24 C		0		

2962	7	28	1	26 C		0		

2962	8	1	4	27 C		0		

2962	8	2	3	28 C		0		

2962	8	3	3	30 C		0		

2962	8	4	1	29 C		0		

2962	8	5	4	29 C		0		

2962	8	6	1	29 C		0		

2962	8	7	5	31 C		0		

2962	8	8	5	35 C		0		Värmevåg

2962	8	9	5	31 C		0		

2962	8	10	8	33 C		2		

2962	8	11	4	29 C		0		

2962	8	12	5	29 C		0		

2962	8	13	3	24 C		0		

2962	8	14	5	24 C		0		

2962	8	15	1	25 C		2		

2962	8	16	1	26 C		0		

2962	8	17	4	21 C		0		

2962	8	18	1	20 C		0		Lätt Dimma 

2962	8	19	5	22 C		18		

2962	8	20	3	25 C		10		

2962	8	21	4	27 C		6		

2962	8	22	5	24 C		5		

2962	8	23	3	26 C		0		

2962	8	24	2	23 C		3		

2962	8	25	2	25 C		0		

2962	8	26	4	21 C		0		

2962	8	27	1	22 C		1		

2962	8	28	3	23 C		0		

2962	9	1	4	22 C		0		

2962	9	2	1	21 C		0		

2962	9	3	3	19 C		0		

2962	9	4	4	24 C		0		

2962	9	5	2	21 C		0		

2962	9	6	5	19 C		0		

2962	9	7	4	23 C		0		

2962	9	8	4	21 C		0		

2962	9	9	3	20 C		0		

2962	9	10	1	19 C		0		

2962	9	11	3	16 C		0		

2962	9	12	4	15 C		0		Åska 

2962	9	13	3	16 C		0		Åska Tjock Dimma 

2962	9	14	4	19 C		1		Åska 

2962	9	15	3	22 C		0		

2962	9	16	5	20 C		7		

2962	9	17	9	21 C		6		

2962	9	18	5	22 C		2		

2962	9	19	9	16 C		4		Lätt Dimma 

2962	9	20	5	18 C		6		

2962	9	21	3	18 C		3		

2962	9	22	2	19 C		0		

2962	9	23	6	18 C		7		Åska 

2962	9	24	2	19 C		3		

2962	9	25	5	16 C		4		

2962	9	26	7	14 C		3		

2962	9	27	4	9 C		2		Lätt Dimma 

2962	9	28	8	11 C		4		

2962	10	1	4	11 C		0		

2962	10	2	1	12 C		0		

2962	10	3	4	15 C		0		

2962	10	4	8	11 C		2		

2962	10	5	4	14 C		1		

2962	10	6	2	15 C		0		

2962	10	7	2	16 C		0		

2962	10	8	6	13 C		0		

2962	10	9	5	13 C		1		

2962	10	10	3	14 C		0		

2962	10	11	4	17 C		0		

2962	10	12	2	18 C		0		

2962	10	13	3	18 C		0		

2962	10	14	2	19 C		0		Åska 

2962	10	15	5	20 C		0		

2962	10	16	1	16 C		0		

2962	10	17	2	20 C		0		Värmevåg

2962	10	18	3	16 C		0		Tjock Dimma 

2962	10	19	7	14 C		3		

2962	10	20	5	12 C		3		

2962	10	21	5	13 C		2		

2962	10	22	4	16 C		1		

2962	10	23	2	17 C		0		Åska 

2962	10	24	1	18 C		0		

2962	10	25	1	18 C		0		

2962	10	26	1	18 C		4		

2962	10	27	2	16 C		2		

2962	10	28	5	15 C		0		

2962	11	1	1	13 C		0		

2962	11	2	5	10 C		0		

2962	11	3	6	11 C		0		

2962	11	4	4	12 C		0		

2962	11	5	5	12 C		0		

2962	11	6	4	10 C		0		

2962	11	7	1	8 C		0		

2962	11	8	5	9 C		2		

2962	11	9	4	12 C		0		

2962	11	10	2	7 C		0		

2962	11	11	2	8 C		0		

2962	11	12	4	9 C		0		

2962	11	13	4	7 C		1		

2962	11	14	4	9 C		0		

2962	11	15	1	8 C		0		

2962	11	16	2	6 C		0		

2962	11	17	1	9 C		2		

2962	11	18	5	5 C		2		

2962	11	19	3	5 C		1		

2962	11	20	1	8 C		0		

2962	11	21	5	7 C		0		

2962	11	22	3	10 C		0		

2962	11	23	5	9 C		2		

2962	11	24	3	10 C		0		Åska 

2962	11	25	4	9 C		0		

2962	11	26	3	6 C		0		

2962	11	27	3	6 C		0		

2962	11	28	1	7 C		0		

2962	12	1	3	6 C		0		

2962	12	2	7	6 C		2		

2962	12	3	3	9 C		5		

2962	12	4	4	9 C		1		

2962	12	5	2	8 C		0		

2962	12	6	5	3 C		1		

2962	12	7	3	3 C		1		

2962	12	8	5	3 C		0		

2962	12	9	2	3 C		0		

2962	12	10	4	6 C		0		

2962	12	11	5	5 C		0		

2962	12	12	4	6 C		0		

2962	12	13	1	4 C		0		

2962	12	14	2	5 C		0		

2962	12	15	2	9 C		0		

2962	12	16	5	9 C		1		

2962	12	17	3	8 C		1		

2962	12	18	1	8 C		0		

2962	12	19	5	3 C		13		

2962	12	20	3	4 C		6		

2962	12	21	7	4 C		7		Tjock Dimma 

2962	12	22	3	4 C		3		

2962	12	23	5	6 C		0		

2962	12	24	2	7 C		0		

2962	12	25	6	4 C		2		

2962	12	26	4	4 C		4		

2962	12	27	1	3 C		3		

2962	12	28	5	4 C		0		

2963	1	1	4	2 C		1		

2963	1	2	3	2 C		0		

2963	1	3	1	2 C		0		

2963	1	4	3	4 C		2		

2963	1	5	1	3 C		2		Lätt Dimma 

2963	1	6	5	1 C		1		Åska Lätt Dimma 

2963	1	7	9	0 C		2		

2963	1	8	5	3 C		0		

2963	1	9	5	2 C		0		

2963	1	10	2	3 C		0		Lätt Dimma 

2963	1	11	6	3 C		0		

2963	1	12	5	-1 C		0		Köldknäpp

2963	1	13	4	-1 C		0		

2963	1	14	1	-1 C		0		Åska 

2963	1	15	2	0 C		1		

2963	1	16	6	5 C		4		

2963	1	17	2	6 C		0		

2963	1	18	5	4 C		0		

2963	1	19	4	6 C		0		

2963	1	20	1	4 C		0		

2963	1	21	1	-1 C		0		

2963	1	22	5	-2 C		2		

2963	1	23	5	0 C		5		

2963	1	24	4	2 C		3		

2963	1	25	2	0 C		1		

2963	1	26	3	2 C		0		

2963	1	27	5	0 C		0		

2963	1	28	4	3 C		0		

2963	2	1	5	6 C		1		

2963	2	2	2	7 C		18		

2963	2	3	6	6 C		12		

2963	2	4	5	4 C		4		

2963	2	5	4	5 C		1		

2963	2	6	4	4 C		3		

2963	2	7	5	3 C		9		

2963	2	8	4	4 C		6		

2963	2	9	4	5 C		5		

2963	2	10	2	3 C		0		

2963	2	11	3	2 C		0		Tjock Dimma 

2963	2	12	3	0 C		0		

2963	2	13	3	-2 C		4		

2963	2	14	4	-2 C		5		

2963	2	15	4	-1 C		2		

2963	2	16	5	1 C		2		

2963	2	17	4	4 C		0		

2963	2	18	5	1 C		0		

2963	2	19	5	2 C		0		

2963	2	20	1	4 C		1		

2963	2	21	3	8 C		0		

2963	2	22	5	3 C		0		

2963	2	23	3	0 C		0		Lätt Dimma 

2963	2	24	5	2 C		0		

2963	2	25	2	6 C		0		

2963	2	26	3	7 C		0		

2963	2	27	2	5 C		0		

2963	2	28	2	5 C		0		

2963	3	1	6	8 C		4		

2963	3	2	5	8 C		4		

2963	3	3	4	7 C		2		

2963	3	4	1	7 C		0		

2963	3	5	1	9 C		0		

2963	3	6	5	10 C		0		

2963	3	7	3	8 C		0		

2963	3	8	5	11 C		0		

2963	3	9	1	8 C		0		

2963	3	10	4	7 C		0		

2963	3	11	1	8 C		0		

2963	3	12	3	12 C		0		

2963	3	13	2	7 C		0		

2963	3	14	1	9 C		7		

2963	3	15	5	10 C		4		

2963	3	16	1	8 C		3		

2963	3	17	1	8 C		0		

2963	3	18	2	8 C		1		

2963	3	19	5	8 C		2		

2963	3	20	6	13 C		1		

2963	3	21	10	12 C		4		

2963	3	22	6	11 C		2		

2963	3	23	5	7 C		2		

2963	3	24	2	9 C		1		

2963	3	25	2	11 C		0		

2963	3	26	5	9 C		0		

2963	3	27	4	8 C		0		

2963	3	28	3	7 C		0		

2963	4	1	4	11 C		0		

2963	4	2	3	14 C		14		

2963	4	3	3	12 C		7		

2963	4	4	5	8 C		2		Lätt Dimma 

2963	4	5	9	12 C		3		

2963	4	6	5	10 C		3		

2963	4	7	4	9 C		2		

2963	4	8	3	11 C		2		

2963	4	9	5	11 C		3		

2963	4	10	7	10 C		5		

2963	4	11	5	9 C		0		

2963	4	12	1	10 C		0		

2963	4	13	4	9 C		0		

2963	4	14	1	13 C		0		

2963	4	15	5	13 C		0		

2963	4	16	2	14 C		0		

2963	4	17	6	13 C		2		

2963	4	18	5	12 C		0		

2963	4	19	4	15 C		0		Lätt Dimma Värmevåg

2963	4	20	4	17 C		0		

2963	4	21	4	15 C		0		

2963	4	22	1	11 C		0		Tjock Dimma 

2963	4	23	4	13 C		1		

2963	4	24	5	10 C		0		

2963	4	25	3	11 C		1		

2963	4	26	7	10 C		5		

2963	4	27	5	10 C		2		

2963	4	28	1	15 C		0		

2963	5	1	5	19 C		0		

2963	5	2	3	20 C		0		

2963	5	3	7	18 C		3		Åska 

2963	5	4	6	18 C		10		

2963	5	5	4	18 C		3		Åska 

2963	5	6	5	19 C		0		

2963	5	7	9	19 C		4		

2963	5	8	5	22 C		1		

2963	5	9	1	23 C		0		

2963	5	10	4	20 C		0		Lätt Dimma 

2963	5	11	7	18 C		1		

2963	5	12	4	16 C		1		

2963	5	13	8	15 C		1		

2963	5	14	4	14 C		3		

2963	5	15	1	15 C		0		

2963	5	16	5	16 C		0		

2963	5	17	3	13 C		0		

2963	5	18	1	15 C		0		

2963	5	19	4	14 C		5		

2963	5	20	4	12 C		3		

2963	5	21	2	14 C		0		

2963	5	22	5	15 C		0		

2963	5	23	5	18 C		0		

2963	5	24	4	14 C		3		

2963	5	25	3	19 C		0		

2963	5	26	5	21 C		6		

2963	5	27	2	18 C		0		Lätt Dimma 

2963	5	28	1	19 C		0		Magistorm 

2963	6	1	1	18 C		0		

2963	6	2	5	16 C		2		

2963	6	3	5	16 C		1		

2963	6	4	1	16 C		2		

2963	6	5	2	19 C		2		

2963	6	6	6	16 C		4		Tjock Dimma 

2963	6	7	2	14 C		2		

2963	6	8	4	15 C		1		

2963	6	9	1	15 C		0		

2963	6	10	5	15 C		3		

2963	6	11	3	18 C		0		Åska 

2963	6	12	5	17 C		0		

2963	6	13	2	18 C		1		

2963	6	14	5	20 C		1		

2963	6	15	4	18 C		2		

2963	6	16	1	21 C		1		

2963	6	17	3	16 C		1		

2963	6	18	7	16 C		3		

2963	6	19	5	16 C		0		

2963	6	20	3	16 C		1		

2963	6	21	1	21 C		0		

2963	6	22	1	20 C		0		

2963	6	23	1	20 C		1		

2963	6	24	2	22 C		1		Åska 

2963	6	25	5	21 C		1		

2963	6	26	4	20 C		0		

2963	6	27	4	19 C		3		

2963	6	28	4	22 C		2		

2963	7	1	3	21 C		3		

2963	7	2	1	20 C		1		

2963	7	3	3	20 C		2		Tjock Dimma 

2963	7	4	7	20 C		4		Lätt Dimma 

2963	7	5	11	21 C		8		

2963	7	6	7	22 C		7		

2963	7	7	3	23 C		3		

2963	7	8	2	23 C		3		

2963	7	9	5	21 C		8		Åska 

2963	7	10	4	23 C		4		

2963	7	11	2	24 C		1		Lätt Dimma 

2963	7	12	2	22 C		0		

2963	7	13	5	21 C		0		

2963	7	14	4	22 C		0		

2963	7	15	8	25 C		0		

2963	7	16	12	27 C		4		

2963	7	17	8	23 C		5		

2963	7	18	4	24 C		2		

2963	7	19	5	22 C		2		Åska 

2963	7	20	3	26 C		1		

2963	7	21	1	29 C		1		

2963	7	22	4	28 C		0		

2963	7	23	2	25 C		0		

2963	7	24	6	25 C		0		

2963	7	25	5	24 C		1		

2963	7	26	3	25 C		0		

2963	7	27	2	24 C		0		

2963	7	28	1	26 C		0		

2963	8	1	4	27 C		0		

2963	8	2	3	28 C		0		

2963	8	3	3	30 C		0		

2963	8	4	1	29 C		0		

2963	8	5	4	29 C		0		

2963	8	6	1	29 C		0		

2963	8	7	5	31 C		0		

2963	8	8	5	35 C		0		Värmevåg

2963	8	9	5	31 C		0		

2963	8	10	8	33 C		2		

2963	8	11	4	29 C		0		

2963	8	12	5	29 C		0		

2963	8	13	3	24 C		0		

2963	8	14	5	24 C		0		

2963	8	15	1	25 C		2		

2963	8	16	1	26 C		0		

2963	8	17	4	21 C		0		

2963	8	18	1	20 C		0		Lätt Dimma 

2963	8	19	5	22 C		18		

2963	8	20	3	25 C		10		

2963	8	21	4	27 C		6		

2963	8	22	5	24 C		5		

2963	8	23	3	26 C		0		

2963	8	24	2	23 C		3		

2963	8	25	2	25 C		0		

2963	8	26	4	21 C		0		

2963	8	27	1	22 C		1		

2963	8	28	3	23 C		0		

2963	9	1	4	22 C		0		

2963	9	2	1	21 C		0		

2963	9	3	3	19 C		0		

2963	9	4	4	24 C		0		

2963	9	5	2	21 C		0		

2963	9	6	5	19 C		0		

2963	9	7	4	23 C		0		

2963	9	8	4	21 C		0		

2963	9	9	3	20 C		0		

2963	9	10	1	19 C		0		

2963	9	11	3	16 C		0		

2963	9	12	4	15 C		0		Åska 

2963	9	13	3	16 C		0		Åska Tjock Dimma 

2963	9	14	4	19 C		1		Åska 

2963	9	15	3	22 C		0		

2963	9	16	5	20 C		7		

2963	9	17	9	21 C		6		

2963	9	18	5	22 C		2		

2963	9	19	9	16 C		4		Lätt Dimma 

2963	9	20	5	18 C		6		

2963	9	21	3	18 C		3		

2963	9	22	2	19 C		0		

2963	9	23	6	18 C		7		Åska 

2963	9	24	2	19 C		3		

2963	9	25	5	16 C		4		

2963	9	26	7	14 C		3		

2963	9	27	4	9 C		2		Lätt Dimma 

2963	9	28	8	11 C		4		

2963	10	1	4	11 C		0		

2963	10	2	1	12 C		0		

2963	10	3	4	15 C		0		

2963	10	4	8	11 C		2		

2963	10	5	4	14 C		1		

2963	10	6	2	15 C		0		

2963	10	7	2	16 C		0		

2963	10	8	6	13 C		0		

2963	10	9	5	13 C		1		

2963	10	10	3	14 C		0		

2963	10	11	4	17 C		0		

2963	10	12	2	18 C		0		

2963	10	13	3	18 C		0		

2963	10	14	2	19 C		0		Åska 

2963	10	15	5	20 C		0		

2963	10	16	1	16 C		0		

2963	10	17	2	20 C		0		Värmevåg

2963	10	18	3	16 C		0		Tjock Dimma 

2963	10	19	7	14 C		3		

2963	10	20	5	12 C		3		

2963	10	21	5	13 C		2		

2963	10	22	4	16 C		1		

2963	10	23	2	17 C		0		Åska 

2963	10	24	1	18 C		0		

2963	10	25	1	18 C		0		

2963	10	26	1	18 C		4		

2963	10	27	2	16 C		2		

2963	10	28	5	15 C		0		

2963	11	1	1	13 C		0		

2963	11	2	5	10 C		0		

2963	11	3	6	11 C		0		

2963	11	4	4	12 C		0		

2963	11	5	5	12 C		0		

2963	11	6	4	10 C		0		

2963	11	7	1	8 C		0		

2963	11	8	5	9 C		2		

2963	11	9	4	12 C		0		

2963	11	10	2	7 C		0		

2963	11	11	2	8 C		0		

2963	11	12	4	9 C		0		

2963	11	13	4	7 C		1		

2963	11	14	4	9 C		0		

2963	11	15	1	8 C		0		

2963	11	16	2	6 C		0		

2963	11	17	1	9 C		2		

2963	11	18	5	5 C		2		

2963	11	19	3	5 C		1		

2963	11	20	1	8 C		0		

2963	11	21	5	7 C		0		

2963	11	22	3	10 C		0		

2963	11	23	5	9 C		2		

2963	11	24	3	10 C		0		Åska 

2963	11	25	4	9 C		0		

2963	11	26	3	6 C		0		

2963	11	27	3	6 C		0		

2963	11	28	1	7 C		0		

2963	12	1	3	6 C		0		

2963	12	2	7	6 C		2		

2963	12	3	3	9 C		5		

2963	12	4	4	9 C		1		

2963	12	5	2	8 C		0		

2963	12	6	5	3 C		1		

2963	12	7	3	3 C		1		

2963	12	8	5	3 C		0		

2963	12	9	2	3 C		0		

2963	12	10	4	6 C		0		

2963	12	11	5	5 C		0		

2963	12	12	4	6 C		0		

2963	12	13	1	4 C		0		

2963	12	14	2	5 C		0		

2963	12	15	2	9 C		0		

2963	12	16	5	9 C		1		

2963	12	17	3	8 C		1		

2963	12	18	1	8 C		0		

2963	12	19	5	3 C		13		

2963	12	20	3	4 C		6		

2963	12	21	7	4 C		7		Tjock Dimma 

2963	12	22	3	4 C		3		

2963	12	23	5	6 C		0		

2963	12	24	2	7 C		0		

2963	12	25	6	4 C		2		

2963	12	26	4	4 C		4		

2963	12	27	1	3 C		3		

2963	12	28	5	4 C		0		

2964	1	1	4	2 C		1		

2964	1	2	3	2 C		0		

2964	1	3	1	2 C		0		

2964	1	4	3	4 C		2		

2964	1	5	1	3 C		2		Lätt Dimma 

2964	1	6	5	1 C		1		Åska Lätt Dimma 

2964	1	7	9	0 C		2		

2964	1	8	5	3 C		0		

2964	1	9	5	2 C		0		

2964	1	10	2	3 C		0		Lätt Dimma 

2964	1	11	6	3 C		0		

2964	1	12	5	-1 C		0		Köldknäpp

2964	1	13	4	-1 C		0		

2964	1	14	1	-1 C		0		Åska 

2964	1	15	2	0 C		1		

2964	1	16	6	5 C		4		

2964	1	17	2	6 C		0		

2964	1	18	5	4 C		0		

2964	1	19	4	6 C		0		

2964	1	20	1	4 C		0		

2964	1	21	1	-1 C		0		

2964	1	22	5	-2 C		2		

2964	1	23	5	0 C		5		

2964	1	24	4	2 C		3		

2964	1	25	2	0 C		1		

2964	1	26	3	2 C		0		

2964	1	27	5	0 C		0		

2964	1	28	4	3 C		0		

2964	2	1	5	6 C		1		

2964	2	2	2	7 C		18		

2964	2	3	6	6 C		12		

2964	2	4	5	4 C		4		

2964	2	5	4	5 C		1		

2964	2	6	4	4 C		3		

2964	2	7	5	3 C		9		

2964	2	8	4	4 C		6		

2964	2	9	4	5 C		5		

2964	2	10	2	3 C		0		

2964	2	11	3	2 C		0		Tjock Dimma 

2964	2	12	3	0 C		0		

2964	2	13	3	-2 C		4		

2964	2	14	4	-2 C		5		

2964	2	15	4	-1 C		2		

2964	2	16	5	1 C		2		

2964	2	17	4	4 C		0		

2964	2	18	5	1 C		0		

2964	2	19	5	2 C		0		

2964	2	20	1	4 C		1		

2964	2	21	3	8 C		0		

2964	2	22	5	3 C		0		

2964	2	23	3	0 C		0		Lätt Dimma 

2964	2	24	5	2 C		0		

2964	2	25	2	6 C		0		

2964	2	26	3	7 C		0		

2964	2	27	2	5 C		0		

2964	2	28	2	5 C		0		

2964	3	1	6	8 C		4		

2964	3	2	5	8 C		4		

2964	3	3	4	7 C		2		

2964	3	4	1	7 C		0		

2964	3	5	1	9 C		0		

2964	3	6	5	10 C		0		

2964	3	7	3	8 C		0		

2964	3	8	5	11 C		0		

2964	3	9	1	8 C		0		

2964	3	10	4	7 C		0		

2964	3	11	1	8 C		0		

2964	3	12	3	12 C		0		

2964	3	13	2	7 C		0		

2964	3	14	1	9 C		7		

2964	3	15	5	10 C		4		

2964	3	16	1	8 C		3		

2964	3	17	1	8 C		0		

2964	3	18	2	8 C		1		

2964	3	19	5	8 C		2		

2964	3	20	6	13 C		1		

2964	3	21	10	12 C		4		

2964	3	22	6	11 C		2		

2964	3	23	5	7 C		2		

2964	3	24	2	9 C		1		

2964	3	25	2	11 C		0		

2964	3	26	5	9 C		0		

2964	3	27	4	8 C		0		

2964	3	28	3	7 C		0		

2964	4	1	4	11 C		0		

2964	4	2	3	14 C		14		

2964	4	3	3	12 C		7		

2964	4	4	5	8 C		2		Lätt Dimma 

2964	4	5	9	12 C		3		

2964	4	6	5	10 C		3		

2964	4	7	4	9 C		2		

2964	4	8	3	11 C		2		

2964	4	9	5	11 C		3		

2964	4	10	7	10 C		5		

2964	4	11	5	9 C		0		

2964	4	12	1	10 C		0		

2964	4	13	4	9 C		0		

2964	4	14	1	13 C		0		

2964	4	15	5	13 C		0		

2964	4	16	2	14 C		0		

2964	4	17	6	13 C		2		

2964	4	18	5	12 C		0		

2964	4	19	4	15 C		0		Lätt Dimma Värmevåg

2964	4	20	4	17 C		0		

2964	4	21	4	15 C		0		

2964	4	22	1	11 C		0		Tjock Dimma 

2964	4	23	4	13 C		1		

2964	4	24	5	10 C		0		

2964	4	25	3	11 C		1		

2964	4	26	7	10 C		5		

2964	4	27	5	10 C		2		

2964	4	28	1	15 C		0		

2964	5	1	5	19 C		0		

2964	5	2	3	20 C		0		

2964	5	3	7	18 C		3		Åska 

2964	5	4	6	18 C		10		

2964	5	5	4	18 C		3		Åska 

2964	5	6	5	19 C		0		

2964	5	7	9	19 C		4		

2964	5	8	5	22 C		1		

2964	5	9	1	23 C		0		

2964	5	10	4	20 C		0		Lätt Dimma 

2964	5	11	7	18 C		1		

2964	5	12	4	16 C		1		

2964	5	13	8	15 C		1		

2964	5	14	4	14 C		3		

2964	5	15	1	15 C		0		

2964	5	16	5	16 C		0		

2964	5	17	3	13 C		0		

2964	5	18	1	15 C		0		

2964	5	19	4	14 C		5		

2964	5	20	4	12 C		3		

2964	5	21	2	14 C		0		

2964	5	22	5	15 C		0		

2964	5	23	5	18 C		0		

2964	5	24	4	14 C		3		

2964	5	25	3	19 C		0		

2964	5	26	5	21 C		6		

2964	5	27	2	18 C		0		Lätt Dimma 

2964	5	28	1	19 C		0		Magistorm 

2964	6	1	1	18 C		0		

2964	6	2	5	16 C		2		

2964	6	3	5	16 C		1		

2964	6	4	1	16 C		2		

2964	6	5	2	19 C		2		

2964	6	6	6	16 C		4		Tjock Dimma 

2964	6	7	2	14 C		2		

2964	6	8	4	15 C		1		

2964	6	9	1	15 C		0		

2964	6	10	5	15 C		3		

2964	6	11	3	18 C		0		Åska 

2964	6	12	5	17 C		0		

2964	6	13	2	18 C		1		

2964	6	14	5	20 C		1		

2964	6	15	4	18 C		2		

2964	6	16	1	21 C		1		

2964	6	17	3	16 C		1		

2964	6	18	7	16 C		3		

2964	6	19	5	16 C		0		

2964	6	20	3	16 C		1		

2964	6	21	1	21 C		0		

2964	6	22	1	20 C		0		

2964	6	23	1	20 C		1		

2964	6	24	2	22 C		1		Åska 

2964	6	25	5	21 C		1		

2964	6	26	4	20 C		0		

2964	6	27	4	19 C		3		

2964	6	28	4	22 C		2		

2964	7	1	3	21 C		3		

2964	7	2	1	20 C		1		

2964	7	3	3	20 C		2		Tjock Dimma 

2964	7	4	7	20 C		4		Lätt Dimma 

2964	7	5	11	21 C		8		

2964	7	6	7	22 C		7		

2964	7	7	3	23 C		3		

2964	7	8	2	23 C		3		

2964	7	9	5	21 C		8		Åska 

2964	7	10	4	23 C		4		

2964	7	11	2	24 C		1		Lätt Dimma 

2964	7	12	2	22 C		0		

2964	7	13	5	21 C		0		

2964	7	14	4	22 C		0		

2964	7	15	8	25 C		0		

2964	7	16	12	27 C		4		

2964	7	17	8	23 C		5		

2964	7	18	4	24 C		2		

2964	7	19	5	22 C		2		Åska 

2964	7	20	3	26 C		1		

2964	7	21	1	29 C		1		

2964	7	22	4	28 C		0		

2964	7	23	2	25 C		0		

2964	7	24	6	25 C		0		

2964	7	25	5	24 C		1		

2964	7	26	3	25 C		0		

2964	7	27	2	24 C		0		

2964	7	28	1	26 C		0		

2964	8	1	4	27 C		0		

2964	8	2	3	28 C		0		

2964	8	3	3	30 C		0		

2964	8	4	1	29 C		0		

2964	8	5	4	29 C		0		

2964	8	6	1	29 C		0		

2964	8	7	5	31 C		0		

2964	8	8	5	35 C		0		Värmevåg

2964	8	9	5	31 C		0		

2964	8	10	8	33 C		2		

2964	8	11	4	29 C		0		

2964	8	12	5	29 C		0		

2964	8	13	3	24 C		0		

2964	8	14	5	24 C		0		

2964	8	15	1	25 C		2		

2964	8	16	1	26 C		0		

2964	8	17	4	21 C		0		

2964	8	18	1	20 C		0		Lätt Dimma 

2964	8	19	5	22 C		18		

2964	8	20	3	25 C		10		

2964	8	21	4	27 C		6		

2964	8	22	5	24 C		5		

2964	8	23	3	26 C		0		

2964	8	24	2	23 C		3		

2964	8	25	2	25 C		0		

2964	8	26	4	21 C		0		

2964	8	27	1	22 C		1		

2964	8	28	3	23 C		0		

2964	9	1	4	22 C		0		

2964	9	2	1	21 C		0		

2964	9	3	3	19 C		0		

2964	9	4	4	24 C		0		

2964	9	5	2	21 C		0		

2964	9	6	5	19 C		0		

2964	9	7	4	23 C		0		

2964	9	8	4	21 C		0		

2964	9	9	3	20 C		0		

2964	9	10	1	19 C		0		

2964	9	11	3	16 C		0		

2964	9	12	4	15 C		0		Åska 

2964	9	13	3	16 C		0		Åska Tjock Dimma 

2964	9	14	4	19 C		1		Åska 

2964	9	15	3	22 C		0		

2964	9	16	5	20 C		7		

2964	9	17	9	21 C		6		

2964	9	18	5	22 C		2		

2964	9	19	9	16 C		4		Lätt Dimma 

2964	9	20	5	18 C		6		

2964	9	21	3	18 C		3		

2964	9	22	2	19 C		0		

2964	9	23	6	18 C		7		Åska 

2964	9	24	2	19 C		3		

2964	9	25	5	16 C		4		

2964	9	26	7	14 C		3		

2964	9	27	4	9 C		2		Lätt Dimma 

2964	9	28	8	11 C		4		

2964	10	1	4	11 C		0		

2964	10	2	1	12 C		0		

2964	10	3	4	15 C		0		

2964	10	4	8	11 C		2		

2964	10	5	4	14 C		1		

2964	10	6	2	15 C		0		

2964	10	7	2	16 C		0		

2964	10	8	6	13 C		0		

2964	10	9	5	13 C		1		

2964	10	10	3	14 C		0		

2964	10	11	4	17 C		0		

2964	10	12	2	18 C		0		

2964	10	13	3	18 C		0		

2964	10	14	2	19 C		0		Åska 

2964	10	15	5	20 C		0		

2964	10	16	1	16 C		0		

2964	10	17	2	20 C		0		Värmevåg

2964	10	18	3	16 C		0		Tjock Dimma 

2964	10	19	7	14 C		3		

2964	10	20	5	12 C		3		

2964	10	21	5	13 C		2		

2964	10	22	4	16 C		1		

2964	10	23	2	17 C		0		Åska 

2964	10	24	1	18 C		0		

2964	10	25	1	18 C		0		

2964	10	26	1	18 C		4		

2964	10	27	2	16 C		2		

2964	10	28	5	15 C		0		

2964	11	1	1	13 C		0		

2964	11	2	5	10 C		0		

2964	11	3	6	11 C		0		

2964	11	4	4	12 C		0		

2964	11	5	5	12 C		0		

2964	11	6	4	10 C		0		

2964	11	7	1	8 C		0		

2964	11	8	5	9 C		2		

2964	11	9	4	12 C		0		

2964	11	10	2	7 C		0		

2964	11	11	2	8 C		0		

2964	11	12	4	9 C		0		

2964	11	13	4	7 C		1		

2964	11	14	4	9 C		0		

2964	11	15	1	8 C		0		

2964	11	16	2	6 C		0		

2964	11	17	1	9 C		2		

2964	11	18	5	5 C		2		

2964	11	19	3	5 C		1		

2964	11	20	1	8 C		0		

2964	11	21	5	7 C		0		

2964	11	22	3	10 C		0		

2964	11	23	5	9 C		2		

2964	11	24	3	10 C		0		Åska 

2964	11	25	4	9 C		0		

2964	11	26	3	6 C		0		

2964	11	27	3	6 C		0		

2964	11	28	1	7 C		0		

2964	12	1	3	6 C		0		

2964	12	2	7	6 C		2		

2964	12	3	3	9 C		5		

2964	12	4	4	9 C		1		

2964	12	5	2	8 C		0		

2964	12	6	5	3 C		1		

2964	12	7	3	3 C		1		

2964	12	8	5	3 C		0		

2964	12	9	2	3 C		0		

2964	12	10	4	6 C		0		

2964	12	11	5	5 C		0		

2964	12	12	4	6 C		0		

2964	12	13	1	4 C		0		

2964	12	14	2	5 C		0		

2964	12	15	2	9 C		0		

2964	12	16	5	9 C		1		

2964	12	17	3	8 C		1		

2964	12	18	1	8 C		0		

2964	12	19	5	3 C		13		

2964	12	20	3	4 C		6		

2964	12	21	7	4 C		7		Tjock Dimma 

2964	12	22	3	4 C		3		

2964	12	23	5	6 C		0		

2964	12	24	2	7 C		0		

2964	12	25	6	4 C		2		

2964	12	26	4	4 C		4		

2964	12	27	1	3 C		3		

2964	12	28	5	4 C		0		

2965	1	1	4	2 C		1		

2965	1	2	3	2 C		0		

2965	1	3	1	2 C		0		

2965	1	4	3	4 C		2		

2965	1	5	1	3 C		2		Lätt Dimma 

2965	1	6	5	1 C		1		Åska Lätt Dimma 

2965	1	7	9	0 C		2		

2965	1	8	5	3 C		0		

2965	1	9	5	2 C		0		

2965	1	10	2	3 C		0		Lätt Dimma 

2965	1	11	6	3 C		0		

2965	1	12	5	-1 C		0		Köldknäpp

2965	1	13	4	-1 C		0		

2965	1	14	1	-1 C		0		Åska 

2965	1	15	2	0 C		1		

2965	1	16	6	5 C		4		

2965	1	17	2	6 C		0		

2965	1	18	5	4 C		0		

2965	1	19	4	6 C		0		

2965	1	20	1	4 C		0		

2965	1	21	1	-1 C		0		

2965	1	22	5	-2 C		2		

2965	1	23	5	0 C		5		

2965	1	24	4	2 C		3		

2965	1	25	2	0 C		1		

2965	1	26	3	2 C		0		

2965	1	27	5	0 C		0		

2965	1	28	4	3 C		0		

2965	2	1	5	6 C		1		

2965	2	2	2	7 C		18		

2965	2	3	6	6 C		12		

2965	2	4	5	4 C		4		

2965	2	5	4	5 C		1		

2965	2	6	4	4 C		3		

2965	2	7	5	3 C		9		

2965	2	8	4	4 C		6		

2965	2	9	4	5 C		5		

2965	2	10	2	3 C		0		

2965	2	11	3	2 C		0		Tjock Dimma 

2965	2	12	3	0 C		0		

2965	2	13	3	-2 C		4		

2965	2	14	4	-2 C		5		

2965	2	15	4	-1 C		2		

2965	2	16	5	1 C		2		

2965	2	17	4	4 C		0		

2965	2	18	5	1 C		0		

2965	2	19	5	2 C		0		

2965	2	20	1	4 C		1		

2965	2	21	3	8 C		0		

2965	2	22	5	3 C		0		

2965	2	23	3	0 C		0		Lätt Dimma 

2965	2	24	5	2 C		0		

2965	2	25	2	6 C		0		

2965	2	26	3	7 C		0		

2965	2	27	2	5 C		0		

2965	2	28	2	5 C		0		

2965	3	1	6	8 C		4		

2965	3	2	5	8 C		4		

2965	3	3	4	7 C		2		

2965	3	4	1	7 C		0		

2965	3	5	1	9 C		0		

2965	3	6	5	10 C		0		

2965	3	7	3	8 C		0		

2965	3	8	5	11 C		0		

2965	3	9	1	8 C		0		

2965	3	10	4	7 C		0		

2965	3	11	1	8 C		0		

2965	3	12	3	12 C		0		

2965	3	13	2	7 C		0		

2965	3	14	1	9 C		7		

2965	3	15	5	10 C		4		

2965	3	16	1	8 C		3		

2965	3	17	1	8 C		0		

2965	3	18	2	8 C		1		

2965	3	19	5	8 C		2		

2965	3	20	6	13 C		1		

2965	3	21	10	12 C		4		

2965	3	22	6	11 C		2		

2965	3	23	5	7 C		2		

2965	3	24	2	9 C		1		

2965	3	25	2	11 C		0		

2965	3	26	5	9 C		0		

2965	3	27	4	8 C		0		

2965	3	28	3	7 C		0		

2965	4	1	4	11 C		0		

2965	4	2	3	14 C		14		

2965	4	3	3	12 C		7		

2965	4	4	5	8 C		2		Lätt Dimma 

2965	4	5	9	12 C		3		

2965	4	6	5	10 C		3		

2965	4	7	4	9 C		2		

2965	4	8	3	11 C		2		

2965	4	9	5	11 C		3		

2965	4	10	7	10 C		5		

2965	4	11	5	9 C		0		

2965	4	12	1	10 C		0		

2965	4	13	4	9 C		0		

2965	4	14	1	13 C		0		

2965	4	15	5	13 C		0		

2965	4	16	2	14 C		0		

2965	4	17	6	13 C		2		

2965	4	18	5	12 C		0		

2965	4	19	4	15 C		0		Lätt Dimma Värmevåg

2965	4	20	4	17 C		0		

2965	4	21	4	15 C		0		

2965	4	22	1	11 C		0		Tjock Dimma 

2965	4	23	4	13 C		1		

2965	4	24	5	10 C		0		

2965	4	25	3	11 C		1		

2965	4	26	7	10 C		5		

2965	4	27	5	10 C		2		

2965	4	28	1	15 C		0		

2965	5	1	5	19 C		0		

2965	5	2	3	20 C		0		

2965	5	3	7	18 C		3		Åska 

2965	5	4	6	18 C		10		

2965	5	5	4	18 C		3		Åska 

2965	5	6	5	19 C		0		

2965	5	7	9	19 C		4		

2965	5	8	5	22 C		1		

2965	5	9	1	23 C		0		

2965	5	10	4	20 C		0		Lätt Dimma 

2965	5	11	7	18 C		1		

2965	5	12	4	16 C		1		

2965	5	13	8	15 C		1		

2965	5	14	4	14 C		3		

2965	5	15	1	15 C		0		

2965	5	16	5	16 C		0		

2965	5	17	3	13 C		0		

2965	5	18	1	15 C		0		

2965	5	19	4	14 C		5		

2965	5	20	4	12 C		3		

2965	5	21	2	14 C		0		

2965	5	22	5	15 C		0		

2965	5	23	5	18 C		0		

2965	5	24	4	14 C		3		

2965	5	25	3	19 C		0		

2965	5	26	5	21 C		6		

2965	5	27	2	18 C		0		Lätt Dimma 

2965	5	28	1	19 C		0		Magistorm 

2965	6	1	1	18 C		0		

2965	6	2	5	16 C		2		

2965	6	3	5	16 C		1		

2965	6	4	1	16 C		2		

2965	6	5	2	19 C		2		

2965	6	6	6	16 C		4		Tjock Dimma 

2965	6	7	2	14 C		2		

2965	6	8	4	15 C		1		

2965	6	9	1	15 C		0		

2965	6	10	5	15 C		3		

2965	6	11	3	18 C		0		Åska 

2965	6	12	5	17 C		0		

2965	6	13	2	18 C		1		

2965	6	14	5	20 C		1		

2965	6	15	4	18 C		2		

2965	6	16	1	21 C		1		

2965	6	17	3	16 C		1		

2965	6	18	7	16 C		3		

2965	6	19	5	16 C		0		

2965	6	20	3	16 C		1		

2965	6	21	1	21 C		0		

2965	6	22	1	20 C		0		

2965	6	23	1	20 C		1		

2965	6	24	2	22 C		1		Åska 

2965	6	25	5	21 C		1		

2965	6	26	4	20 C		0		

2965	6	27	4	19 C		3		

2965	6	28	4	22 C		2		

2965	7	1	3	21 C		3		

2965	7	2	1	20 C		1		

2965	7	3	3	20 C		2		Tjock Dimma 

2965	7	4	7	20 C		4		Lätt Dimma 

2965	7	5	11	21 C		8		

2965	7	6	7	22 C		7		

2965	7	7	3	23 C		3		

2965	7	8	2	23 C		3		

2965	7	9	5	21 C		8		Åska 

2965	7	10	4	23 C		4		

2965	7	11	2	24 C		1		Lätt Dimma 

2965	7	12	2	22 C		0		

2965	7	13	5	21 C		0		

2965	7	14	4	22 C		0		

2965	7	15	8	25 C		0		

2965	7	16	12	27 C		4		

2965	7	17	8	23 C		5		

2965	7	18	4	24 C		2		

2965	7	19	5	22 C		2		Åska 

2965	7	20	3	26 C		1		

2965	7	21	1	29 C		1		

2965	7	22	4	28 C		0		

2965	7	23	2	25 C		0		

2965	7	24	6	25 C		0		

2965	7	25	5	24 C		1		

2965	7	26	3	25 C		0		

2965	7	27	2	24 C		0		

2965	7	28	1	26 C		0		

2965	8	1	4	27 C		0		

2965	8	2	3	28 C		0		

2965	8	3	3	30 C		0		

2965	8	4	1	29 C		0		

2965	8	5	4	29 C		0		

2965	8	6	1	29 C		0		

2965	8	7	5	31 C		0		

2965	8	8	5	35 C		0		Värmevåg

2965	8	9	5	31 C		0		

2965	8	10	8	33 C		2		

2965	8	11	4	29 C		0		

2965	8	12	5	29 C		0		

2965	8	13	3	24 C		0		

2965	8	14	5	24 C		0		

2965	8	15	1	25 C		2		

2965	8	16	1	26 C		0		

2965	8	17	4	21 C		0		

2965	8	18	1	20 C		0		Lätt Dimma 

2965	8	19	5	22 C		18		

2965	8	20	3	25 C		10		

2965	8	21	4	27 C		6		

2965	8	22	5	24 C		5		

2965	8	23	3	26 C		0		

2965	8	24	2	23 C		3		

2965	8	25	2	25 C		0		

2965	8	26	4	21 C		0		

2965	8	27	1	22 C		1		

2965	8	28	3	23 C		0		

2965	9	1	4	22 C		0		

2965	9	2	1	21 C		0		

2965	9	3	3	19 C		0		

2965	9	4	4	24 C		0		

2965	9	5	2	21 C		0		

2965	9	6	5	19 C		0		

2965	9	7	4	23 C		0		

2965	9	8	4	21 C		0		

2965	9	9	3	20 C		0		

2965	9	10	1	19 C		0		

2965	9	11	3	16 C		0		

2965	9	12	4	15 C		0		Åska 

2965	9	13	3	16 C		0		Åska Tjock Dimma 

2965	9	14	4	19 C		1		Åska 

2965	9	15	3	22 C		0		

2965	9	16	5	20 C		7		

2965	9	17	9	21 C		6		

2965	9	18	5	22 C		2		

2965	9	19	9	16 C		4		Lätt Dimma 

2965	9	20	5	18 C		6		

2965	9	21	3	18 C		3		

2965	9	22	2	19 C		0		

2965	9	23	6	18 C		7		Åska 

2965	9	24	2	19 C		3		

2965	9	25	5	16 C		4		

2965	9	26	7	14 C		3		

2965	9	27	4	9 C		2		Lätt Dimma 

2965	9	28	8	11 C		4		

2965	10	1	4	11 C		0		

2965	10	2	1	12 C		0		

2965	10	3	4	15 C		0		

2965	10	4	8	11 C		2		

2965	10	5	4	14 C		1		

2965	10	6	2	15 C		0		

2965	10	7	2	16 C		0		

2965	10	8	6	13 C		0		

2965	10	9	5	13 C		1		

2965	10	10	3	14 C		0		

2965	10	11	4	17 C		0		

2965	10	12	2	18 C		0		

2965	10	13	3	18 C		0		

2965	10	14	2	19 C		0		Åska 

2965	10	15	5	20 C		0		

2965	10	16	1	16 C		0		

2965	10	17	2	20 C		0		Värmevåg

2965	10	18	3	16 C		0		Tjock Dimma 

2965	10	19	7	14 C		3		

2965	10	20	5	12 C		3		

2965	10	21	5	13 C		2		

2965	10	22	4	16 C		1		

2965	10	23	2	17 C		0		Åska 

2965	10	24	1	18 C		0		

2965	10	25	1	18 C		0		

2965	10	26	1	18 C		4		

2965	10	27	2	16 C		2		

2965	10	28	5	15 C		0		

2965	11	1	1	13 C		0		

2965	11	2	5	10 C		0		

2965	11	3	6	11 C		0		

2965	11	4	4	12 C		0		

2965	11	5	5	12 C		0		

2965	11	6	4	10 C		0		

2965	11	7	1	8 C		0		

2965	11	8	5	9 C		2		

2965	11	9	4	12 C		0		

2965	11	10	2	7 C		0		

2965	11	11	2	8 C		0		

2965	11	12	4	9 C		0		

2965	11	13	4	7 C		1		

2965	11	14	4	9 C		0		

2965	11	15	1	8 C		0		

2965	11	16	2	6 C		0		

2965	11	17	1	9 C		2		

2965	11	18	5	5 C		2		

2965	11	19	3	5 C		1		

2965	11	20	1	8 C		0		

2965	11	21	5	7 C		0		

2965	11	22	3	10 C		0		

2965	11	23	5	9 C		2		

2965	11	24	3	10 C		0		Åska 

2965	11	25	4	9 C		0		

2965	11	26	3	6 C		0		

2965	11	27	3	6 C		0		

2965	11	28	1	7 C		0		

2965	12	1	3	6 C		0		

2965	12	2	7	6 C		2		

2965	12	3	3	9 C		5		

2965	12	4	4	9 C		1		

2965	12	5	2	8 C		0		

2965	12	6	5	3 C		1		

2965	12	7	3	3 C		1		

2965	12	8	5	3 C		0		

2965	12	9	2	3 C		0		

2965	12	10	4	6 C		0		

2965	12	11	5	5 C		0		

2965	12	12	4	6 C		0		

2965	12	13	1	4 C		0		

2965	12	14	2	5 C		0		

2965	12	15	2	9 C		0		

2965	12	16	5	9 C		1		

2965	12	17	3	8 C		1		

2965	12	18	1	8 C		0		

2965	12	19	5	3 C		13		

2965	12	20	3	4 C		6		

2965	12	21	7	4 C		7		Tjock Dimma 

2965	12	22	3	4 C		3		

2965	12	23	5	6 C		0		

2965	12	24	2	7 C		0		

2965	12	25	6	4 C		2		

2965	12	26	4	4 C		4		

2965	12	27	1	3 C		3		

2965	12	28	5	4 C		0		

2966	1	1	4	2 C		1		

2966	1	2	3	2 C		0		

2966	1	3	1	2 C		0		

2966	1	4	3	4 C		2		

2966	1	5	1	3 C		2		Lätt Dimma 

2966	1	6	5	1 C		1		Åska Lätt Dimma 

2966	1	7	9	0 C		2		

2966	1	8	5	3 C		0		

2966	1	9	5	2 C		0		

2966	1	10	2	3 C		0		Lätt Dimma 

2966	1	11	6	3 C		0		

2966	1	12	5	-1 C		0		Köldknäpp

2966	1	13	4	-1 C		0		

2966	1	14	1	-1 C		0		Åska 

2966	1	15	2	0 C		1		

2966	1	16	6	5 C		4		

2966	1	17	2	6 C		0		

2966	1	18	5	4 C		0		

2966	1	19	4	6 C		0		

2966	1	20	1	4 C		0		

2966	1	21	1	-1 C		0		

2966	1	22	5	-2 C		2		

2966	1	23	5	0 C		5		

2966	1	24	4	2 C		3		

2966	1	25	2	0 C		1		

2966	1	26	3	2 C		0		

2966	1	27	5	0 C		0		

2966	1	28	4	3 C		0		

2966	2	1	5	6 C		1		

2966	2	2	2	7 C		18		

2966	2	3	6	6 C		12		

2966	2	4	5	4 C		4		

2966	2	5	4	5 C		1		

2966	2	6	4	4 C		3		

2966	2	7	5	3 C		9		

2966	2	8	4	4 C		6		

2966	2	9	4	5 C		5		

2966	2	10	2	3 C		0		

2966	2	11	3	2 C		0		Tjock Dimma 

2966	2	12	3	0 C		0		

2966	2	13	3	-2 C		4		

2966	2	14	4	-2 C		5		

2966	2	15	4	-1 C		2		

2966	2	16	5	1 C		2		

2966	2	17	4	4 C		0		

2966	2	18	5	1 C		0		

2966	2	19	5	2 C		0		

2966	2	20	1	4 C		1		

2966	2	21	3	8 C		0		

2966	2	22	5	3 C		0		

2966	2	23	3	0 C		0		Lätt Dimma 

2966	2	24	5	2 C		0		

2966	2	25	2	6 C		0		

2966	2	26	3	7 C		0		

2966	2	27	2	5 C		0		

2966	2	28	2	5 C		0		

2966	3	1	6	8 C		4		

2966	3	2	5	8 C		4		

2966	3	3	4	7 C		2		

2966	3	4	1	7 C		0		

2966	3	5	1	9 C		0		

2966	3	6	5	10 C		0		

2966	3	7	3	8 C		0		

2966	3	8	5	11 C		0		

2966	3	9	1	8 C		0		

2966	3	10	4	7 C		0		

2966	3	11	1	8 C		0		

2966	3	12	3	12 C		0		

2966	3	13	2	7 C		0		

2966	3	14	1	9 C		7		

2966	3	15	5	10 C		4		

2966	3	16	1	8 C		3		

2966	3	17	1	8 C		0		

2966	3	18	2	8 C		1		

2966	3	19	5	8 C		2		

2966	3	20	6	13 C		1		

2966	3	21	10	12 C		4		

2966	3	22	6	11 C		2		

2966	3	23	5	7 C		2		

2966	3	24	2	9 C		1		

2966	3	25	2	11 C		0		

2966	3	26	5	9 C		0		

2966	3	27	4	8 C		0		

2966	3	28	3	7 C		0		

2966	4	1	4	11 C		0		

2966	4	2	3	14 C		14		

2966	4	3	3	12 C		7		

2966	4	4	5	8 C		2		Lätt Dimma 

2966	4	5	9	12 C		3		

2966	4	6	5	10 C		3		

2966	4	7	4	9 C		2		

2966	4	8	3	11 C		2		

2966	4	9	5	11 C		3		

2966	4	10	7	10 C		5		

2966	4	11	5	9 C		0		

2966	4	12	1	10 C		0		

2966	4	13	4	9 C		0		

2966	4	14	1	13 C		0		

2966	4	15	5	13 C		0		

2966	4	16	2	14 C		0		

2966	4	17	6	13 C		2		

2966	4	18	5	12 C		0		

2966	4	19	4	15 C		0		Lätt Dimma Värmevåg

2966	4	20	4	17 C		0		

2966	4	21	4	15 C		0		

2966	4	22	1	11 C		0		Tjock Dimma 

2966	4	23	4	13 C		1		

2966	4	24	5	10 C		0		

2966	4	25	3	11 C		1		

2966	4	26	7	10 C		5		

2966	4	27	5	10 C		2		

2966	4	28	1	15 C		0		

2966	5	1	5	19 C		0		

2966	5	2	3	20 C		0		

2966	5	3	7	18 C		3		Åska 

2966	5	4	6	18 C		10		

2966	5	5	4	18 C		3		Åska 

2966	5	6	5	19 C		0		

2966	5	7	9	19 C		4		

2966	5	8	5	22 C		1		

2966	5	9	1	23 C		0		

2966	5	10	4	20 C		0		Lätt Dimma 

2966	5	11	7	18 C		1		

2966	5	12	4	16 C		1		

2966	5	13	8	15 C		1		

2966	5	14	4	14 C		3		

2966	5	15	1	15 C		0		

2966	5	16	5	16 C		0		

2966	5	17	3	13 C		0		

2966	5	18	1	15 C		0		

2966	5	19	4	14 C		5		

2966	5	20	4	12 C		3		

2966	5	21	2	14 C		0		

2966	5	22	5	15 C		0		

2966	5	23	5	18 C		0		

2966	5	24	4	14 C		3		

2966	5	25	3	19 C		0		

2966	5	26	5	21 C		6		

2966	5	27	2	18 C		0		Lätt Dimma 

2966	5	28	1	19 C		0		Magistorm 

2966	6	1	1	18 C		0		

2966	6	2	5	16 C		2		

2966	6	3	5	16 C		1		

2966	6	4	1	16 C		2		

2966	6	5	2	19 C		2		

2966	6	6	6	16 C		4		Tjock Dimma 

2966	6	7	2	14 C		2		

2966	6	8	4	15 C		1		

2966	6	9	1	15 C		0		

2966	6	10	5	15 C		3		

2966	6	11	3	18 C		0		Åska 

2966	6	12	5	17 C		0		

2966	6	13	2	18 C		1		

2966	6	14	5	20 C		1		

2966	6	15	4	18 C		2		

2966	6	16	1	21 C		1		

2966	6	17	3	16 C		1		

2966	6	18	7	16 C		3		

2966	6	19	5	16 C		0		

2966	6	20	3	16 C		1		

2966	6	21	1	21 C		0		

2966	6	22	1	20 C		0		

2966	6	23	1	20 C		1		

2966	6	24	2	22 C		1		Åska 

2966	6	25	5	21 C		1		

2966	6	26	4	20 C		0		

2966	6	27	4	19 C		3		

2966	6	28	4	22 C		2		

2966	7	1	3	21 C		3		

2966	7	2	1	20 C		1		

2966	7	3	3	20 C		2		Tjock Dimma 

2966	7	4	7	20 C		4		Lätt Dimma 

2966	7	5	11	21 C		8		

2966	7	6	7	22 C		7		

2966	7	7	3	23 C		3		

2966	7	8	2	23 C		3		

2966	7	9	5	21 C		8		Åska 

2966	7	10	4	23 C		4		

2966	7	11	2	24 C		1		Lätt Dimma 

2966	7	12	2	22 C		0		

2966	7	13	5	21 C		0		

2966	7	14	4	22 C		0		

2966	7	15	8	25 C		0		

2966	7	16	12	27 C		4		

2966	7	17	8	23 C		5		

2966	7	18	4	24 C		2		

2966	7	19	5	22 C		2		Åska 

2966	7	20	3	26 C		1		

2966	7	21	1	29 C		1		

2966	7	22	4	28 C		0		

2966	7	23	2	25 C		0		

2966	7	24	6	25 C		0		

2966	7	25	5	24 C		1		

2966	7	26	3	25 C		0		

2966	7	27	2	24 C		0		

2966	7	28	1	26 C		0		

2966	8	1	4	27 C		0		

2966	8	2	3	28 C		0		

2966	8	3	3	30 C		0		

2966	8	4	1	29 C		0		

2966	8	5	4	29 C		0		

2966	8	6	1	29 C		0		

2966	8	7	5	31 C		0		

2966	8	8	5	35 C		0		Värmevåg

2966	8	9	5	31 C		0		

2966	8	10	8	33 C		2		

2966	8	11	4	29 C		0		

2966	8	12	5	29 C		0		

2966	8	13	3	24 C		0		

2966	8	14	5	24 C		0		

2966	8	15	1	25 C		2		

2966	8	16	1	26 C		0		

2966	8	17	4	21 C		0		

2966	8	18	1	20 C		0		Lätt Dimma 

2966	8	19	5	22 C		18		

2966	8	20	3	25 C		10		

2966	8	21	4	27 C		6		

2966	8	22	5	24 C		5		

2966	8	23	3	26 C		0		

2966	8	24	2	23 C		3		

2966	8	25	2	25 C		0		

2966	8	26	4	21 C		0		

2966	8	27	1	22 C		1		

2966	8	28	3	23 C		0		

2966	9	1	4	22 C		0		

2966	9	2	1	21 C		0		

2966	9	3	3	19 C		0		

2966	9	4	4	24 C		0		

2966	9	5	2	21 C		0		

2966	9	6	5	19 C		0		

2966	9	7	4	23 C		0		

2966	9	8	4	21 C		0		

2966	9	9	3	20 C		0		

2966	9	10	1	19 C		0		

2966	9	11	3	16 C		0		

2966	9	12	4	15 C		0		Åska 

2966	9	13	3	16 C		0		Åska Tjock Dimma 

2966	9	14	4	19 C		1		Åska 

2966	9	15	3	22 C		0		

2966	9	16	5	20 C		7		

2966	9	17	9	21 C		6		

2966	9	18	5	22 C		2		

2966	9	19	9	16 C		4		Lätt Dimma 

2966	9	20	5	18 C		6		

2966	9	21	3	18 C		3		

2966	9	22	2	19 C		0		

2966	9	23	6	18 C		7		Åska 

2966	9	24	2	19 C		3		

2966	9	25	5	16 C		4		

2966	9	26	7	14 C		3		

2966	9	27	4	9 C		2		Lätt Dimma 

2966	9	28	8	11 C		4		

2966	10	1	4	11 C		0		

2966	10	2	1	12 C		0		

2966	10	3	4	15 C		0		

2966	10	4	8	11 C		2		

2966	10	5	4	14 C		1		

2966	10	6	2	15 C		0		

2966	10	7	2	16 C		0		

2966	10	8	6	13 C		0		

2966	10	9	5	13 C		1		

2966	10	10	3	14 C		0		

2966	10	11	4	17 C		0		

2966	10	12	2	18 C		0		

2966	10	13	3	18 C		0		

2966	10	14	2	19 C		0		Åska 

2966	10	15	5	20 C		0		

2966	10	16	1	16 C		0		

2966	10	17	2	20 C		0		Värmevåg

2966	10	18	3	16 C		0		Tjock Dimma 

2966	10	19	7	14 C		3		

2966	10	20	5	12 C		3		

2966	10	21	5	13 C		2		

2966	10	22	4	16 C		1		

2966	10	23	2	17 C		0		Åska 

2966	10	24	1	18 C		0		

2966	10	25	1	18 C		0		

2966	10	26	1	18 C		4		

2966	10	27	2	16 C		2		

2966	10	28	5	15 C		0		

2966	11	1	1	13 C		0		

2966	11	2	5	10 C		0		

2966	11	3	6	11 C		0		

2966	11	4	4	12 C		0		

2966	11	5	5	12 C		0		

2966	11	6	4	10 C		0		

2966	11	7	1	8 C		0		

2966	11	8	5	9 C		2		

2966	11	9	4	12 C		0		

2966	11	10	2	7 C		0		

2966	11	11	2	8 C		0		

2966	11	12	4	9 C		0		

2966	11	13	4	7 C		1		

2966	11	14	4	9 C		0		

2966	11	15	1	8 C		0		

2966	11	16	2	6 C		0		

2966	11	17	1	9 C		2		

2966	11	18	5	5 C		2		

2966	11	19	3	5 C		1		

2966	11	20	1	8 C		0		

2966	11	21	5	7 C		0		

2966	11	22	3	10 C		0		

2966	11	23	5	9 C		2		

2966	11	24	3	10 C		0		Åska 

2966	11	25	4	9 C		0		

2966	11	26	3	6 C		0		

2966	11	27	3	6 C		0		

2966	11	28	1	7 C		0		

2966	12	1	3	6 C		0		

2966	12	2	7	6 C		2		

2966	12	3	3	9 C		5		

2966	12	4	4	9 C		1		

2966	12	5	2	8 C		0		

2966	12	6	5	3 C		1		

2966	12	7	3	3 C		1		

2966	12	8	5	3 C		0		

2966	12	9	2	3 C		0		

2966	12	10	4	6 C		0		

2966	12	11	5	5 C		0		

2966	12	12	4	6 C		0		

2966	12	13	1	4 C		0		

2966	12	14	2	5 C		0		

2966	12	15	2	9 C		0		

2966	12	16	5	9 C		1		

2966	12	17	3	8 C		1		

2966	12	18	1	8 C		0		

2966	12	19	5	3 C		13		

2966	12	20	3	4 C		6		

2966	12	21	7	4 C		7		Tjock Dimma 

2966	12	22	3	4 C		3		

2966	12	23	5	6 C		0		

2966	12	24	2	7 C		0		

2966	12	25	6	4 C		2		

2966	12	26	4	4 C		4		

2966	12	27	1	3 C		3		

2966	12	28	5	4 C		0		

2967	1	1	4	2 C		1		

2967	1	2	3	2 C		0		

2967	1	3	1	2 C		0		

2967	1	4	3	4 C		2		

2967	1	5	1	3 C		2		Lätt Dimma 

2967	1	6	5	1 C		1		Åska Lätt Dimma 

2967	1	7	9	0 C		2		

2967	1	8	5	3 C		0		

2967	1	9	5	2 C		0		

2967	1	10	2	3 C		0		Lätt Dimma 

2967	1	11	6	3 C		0		

2967	1	12	5	-1 C		0		Köldknäpp

2967	1	13	4	-1 C		0		

2967	1	14	1	-1 C		0		Åska 

2967	1	15	2	0 C		1		

2967	1	16	6	5 C		4		

2967	1	17	2	6 C		0		

2967	1	18	5	4 C		0		

2967	1	19	4	6 C		0		

2967	1	20	1	4 C		0		

2967	1	21	1	-1 C		0		

2967	1	22	5	-2 C		2		

2967	1	23	5	0 C		5		

2967	1	24	4	2 C		3		

2967	1	25	2	0 C		1		

2967	1	26	3	2 C		0		

2967	1	27	5	0 C		0		

2967	1	28	4	3 C		0		

2967	2	1	5	6 C		1		

2967	2	2	2	7 C		18		

2967	2	3	6	6 C		12		

2967	2	4	5	4 C		4		

2967	2	5	4	5 C		1		

2967	2	6	4	4 C		3		

2967	2	7	5	3 C		9		

2967	2	8	4	4 C		6		

2967	2	9	4	5 C		5		

2967	2	10	2	3 C		0		

2967	2	11	3	2 C		0		Tjock Dimma 

2967	2	12	3	0 C		0		

2967	2	13	3	-2 C		4		

2967	2	14	4	-2 C		5		

2967	2	15	4	-1 C		2		

2967	2	16	5	1 C		2		

2967	2	17	4	4 C		0		

2967	2	18	5	1 C		0		

2967	2	19	5	2 C		0		

2967	2	20	1	4 C		1		

2967	2	21	3	8 C		0		

2967	2	22	5	3 C		0		

2967	2	23	3	0 C		0		Lätt Dimma 

2967	2	24	5	2 C		0		

2967	2	25	2	6 C		0		

2967	2	26	3	7 C		0		

2967	2	27	2	5 C		0		

2967	2	28	2	5 C		0		

2967	3	1	6	8 C		4		

2967	3	2	5	8 C		4		

2967	3	3	4	7 C		2		

2967	3	4	1	7 C		0		

2967	3	5	1	9 C		0		

2967	3	6	5	10 C		0		

2967	3	7	3	8 C		0		

2967	3	8	5	11 C		0		

2967	3	9	1	8 C		0		

2967	3	10	4	7 C		0		

2967	3	11	1	8 C		0		

2967	3	12	3	12 C		0		

2967	3	13	2	7 C		0		

2967	3	14	1	9 C		7		

2967	3	15	5	10 C		4		

2967	3	16	1	8 C		3		

2967	3	17	1	8 C		0		

2967	3	18	2	8 C		1		

2967	3	19	5	8 C		2		

2967	3	20	6	13 C		1		

2967	3	21	10	12 C		4		

2967	3	22	6	11 C		2		

2967	3	23	5	7 C		2		

2967	3	24	2	9 C		1		

2967	3	25	2	11 C		0		

2967	3	26	5	9 C		0		

2967	3	27	4	8 C		0		

2967	3	28	3	7 C		0		

2967	4	1	4	11 C		0		

2967	4	2	3	14 C		14		

2967	4	3	3	12 C		7		

2967	4	4	5	8 C		2		Lätt Dimma 

2967	4	5	9	12 C		3		

2967	4	6	5	10 C		3		

2967	4	7	4	9 C		2		

2967	4	8	3	11 C		2		

2967	4	9	5	11 C		3		

2967	4	10	7	10 C		5		

2967	4	11	5	9 C		0		

2967	4	12	1	10 C		0		

2967	4	13	4	9 C		0		

2967	4	14	1	13 C		0		

2967	4	15	5	13 C		0		

2967	4	16	2	14 C		0		

2967	4	17	6	13 C		2		

2967	4	18	5	12 C		0		

2967	4	19	4	15 C		0		Lätt Dimma Värmevåg

2967	4	20	4	17 C		0		

2967	4	21	4	15 C		0		

2967	4	22	1	11 C		0		Tjock Dimma 

2967	4	23	4	13 C		1		

2967	4	24	5	10 C		0		

2967	4	25	3	11 C		1		

2967	4	26	7	10 C		5		

2967	4	27	5	10 C		2		

2967	4	28	1	15 C		0		

2967	5	1	5	19 C		0		

2967	5	2	3	20 C		0		

2967	5	3	7	18 C		3		Åska 

2967	5	4	6	18 C		10		

2967	5	5	4	18 C		3		Åska 

2967	5	6	5	19 C		0		

2967	5	7	9	19 C		4		

2967	5	8	5	22 C		1		

2967	5	9	1	23 C		0		

2967	5	10	4	20 C		0		Lätt Dimma 

2967	5	11	7	18 C		1		

2967	5	12	4	16 C		1		

2967	5	13	8	15 C		1		

2967	5	14	4	14 C		3		

2967	5	15	1	15 C		0		

2967	5	16	5	16 C		0		

2967	5	17	3	13 C		0		

2967	5	18	1	15 C		0		

2967	5	19	4	14 C		5		

2967	5	20	4	12 C		3		

2967	5	21	2	14 C		0		

2967	5	22	5	15 C		0		

2967	5	23	5	18 C		0		

2967	5	24	4	14 C		3		

2967	5	25	3	19 C		0		

2967	5	26	5	21 C		6		

2967	5	27	2	18 C		0		Lätt Dimma 

2967	5	28	1	19 C		0		Magistorm 

2967	6	1	1	18 C		0		

2967	6	2	5	16 C		2		

2967	6	3	5	16 C		1		

2967	6	4	1	16 C		2		

2967	6	5	2	19 C		2		

2967	6	6	6	16 C		4		Tjock Dimma 

2967	6	7	2	14 C		2		

2967	6	8	4	15 C		1		

2967	6	9	1	15 C		0		

2967	6	10	5	15 C		3		

2967	6	11	3	18 C		0		Åska 

2967	6	12	5	17 C		0		

2967	6	13	2	18 C		1		

2967	6	14	5	20 C		1		

2967	6	15	4	18 C		2		

2967	6	16	1	21 C		1		

2967	6	17	3	16 C		1		

2967	6	18	7	16 C		3		

2967	6	19	5	16 C		0		

2967	6	20	3	16 C		1		

2967	6	21	1	21 C		0		

2967	6	22	1	20 C		0		

2967	6	23	1	20 C		1		

2967	6	24	2	22 C		1		Åska 

2967	6	25	5	21 C		1		

2967	6	26	4	20 C		0		

2967	6	27	4	19 C		3		

2967	6	28	4	22 C		2		

2967	7	1	3	21 C		3		

2967	7	2	1	20 C		1		

2967	7	3	3	20 C		2		Tjock Dimma 

2967	7	4	7	20 C		4		Lätt Dimma 

2967	7	5	11	21 C		8		

2967	7	6	7	22 C		7		

2967	7	7	3	23 C		3		

2967	7	8	2	23 C		3		

2967	7	9	5	21 C		8		Åska 

2967	7	10	4	23 C		4		

2967	7	11	2	24 C		1		Lätt Dimma 

2967	7	12	2	22 C		0		

2967	7	13	5	21 C		0		

2967	7	14	4	22 C		0		

2967	7	15	8	25 C		0		

2967	7	16	12	27 C		4		

2967	7	17	8	23 C		5		

2967	7	18	4	24 C		2		

2967	7	19	5	22 C		2		Åska 

2967	7	20	3	26 C		1		

2967	7	21	1	29 C		1		

2967	7	22	4	28 C		0		

2967	7	23	2	25 C		0		

2967	7	24	6	25 C		0		

2967	7	25	5	24 C		1		

2967	7	26	3	25 C		0		

2967	7	27	2	24 C		0		

2967	7	28	1	26 C		0		

2967	8	1	4	27 C		0		

2967	8	2	3	28 C		0		

2967	8	3	3	30 C		0		

2967	8	4	1	29 C		0		

2967	8	5	4	29 C		0		

2967	8	6	1	29 C		0		

2967	8	7	5	31 C		0		

2967	8	8	5	35 C		0		Värmevåg

2967	8	9	5	31 C		0		

2967	8	10	8	33 C		2		

2967	8	11	4	29 C		0		

2967	8	12	5	29 C		0		

2967	8	13	3	24 C		0		

2967	8	14	5	24 C		0		

2967	8	15	1	25 C		2		

2967	8	16	1	26 C		0		

2967	8	17	4	21 C		0		

2967	8	18	1	20 C		0		Lätt Dimma 

2967	8	19	5	22 C		18		

2967	8	20	3	25 C		10		

2967	8	21	4	27 C		6		

2967	8	22	5	24 C		5		

2967	8	23	3	26 C		0		

2967	8	24	2	23 C		3		

2967	8	25	2	25 C		0		

2967	8	26	4	21 C		0		

2967	8	27	1	22 C		1		

2967	8	28	3	23 C		0		

2967	9	1	4	22 C		0		

2967	9	2	1	21 C		0		

2967	9	3	3	19 C		0		

2967	9	4	4	24 C		0		

2967	9	5	2	21 C		0		

2967	9	6	5	19 C		0		

2967	9	7	4	23 C		0		

2967	9	8	4	21 C		0		

2967	9	9	3	20 C		0		

2967	9	10	1	19 C		0		

2967	9	11	3	16 C		0		

2967	9	12	4	15 C		0		Åska 

2967	9	13	3	16 C		0		Åska Tjock Dimma 

2967	9	14	4	19 C		1		Åska 

2967	9	15	3	22 C		0		

2967	9	16	5	20 C		7		

2967	9	17	9	21 C		6		

2967	9	18	5	22 C		2		

2967	9	19	9	16 C		4		Lätt Dimma 

2967	9	20	5	18 C		6		

2967	9	21	3	18 C		3		

2967	9	22	2	19 C		0		

2967	9	23	6	18 C		7		Åska 

2967	9	24	2	19 C		3		

2967	9	25	5	16 C		4		

2967	9	26	7	14 C		3		

2967	9	27	4	9 C		2		Lätt Dimma 

2967	9	28	8	11 C		4		

2967	10	1	4	11 C		0		

2967	10	2	1	12 C		0		

2967	10	3	4	15 C		0		

2967	10	4	8	11 C		2		

2967	10	5	4	14 C		1		

2967	10	6	2	15 C		0		

2967	10	7	2	16 C		0		

2967	10	8	6	13 C		0		

2967	10	9	5	13 C		1		

2967	10	10	3	14 C		0		

2967	10	11	4	17 C		0		

2967	10	12	2	18 C		0		

2967	10	13	3	18 C		0		

2967	10	14	2	19 C		0		Åska 

2967	10	15	5	20 C		0		

2967	10	16	1	16 C		0		

2967	10	17	2	20 C		0		Värmevåg

2967	10	18	3	16 C		0		Tjock Dimma 

2967	10	19	7	14 C		3		

2967	10	20	5	12 C		3		

2967	10	21	5	13 C		2		

2967	10	22	4	16 C		1		

2967	10	23	2	17 C		0		Åska 

2967	10	24	1	18 C		0		

2967	10	25	1	18 C		0		

2967	10	26	1	18 C		4		

2967	10	27	2	16 C		2		

2967	10	28	5	15 C		0		

2967	11	1	1	13 C		0		

2967	11	2	5	10 C		0		

2967	11	3	6	11 C		0		

2967	11	4	4	12 C		0		

2967	11	5	5	12 C		0		

2967	11	6	4	10 C		0		

2967	11	7	1	8 C		0		

2967	11	8	5	9 C		2		

2967	11	9	4	12 C		0		

2967	11	10	2	7 C		0		

2967	11	11	2	8 C		0		

2967	11	12	4	9 C		0		

2967	11	13	4	7 C		1		

2967	11	14	4	9 C		0		

2967	11	15	1	8 C		0		

2967	11	16	2	6 C		0		

2967	11	17	1	9 C		2		

2967	11	18	5	5 C		2		

2967	11	19	3	5 C		1		

2967	11	20	1	8 C		0		

2967	11	21	5	7 C		0		

2967	11	22	3	10 C		0		

2967	11	23	5	9 C		2		

2967	11	24	3	10 C		0		Åska 

2967	11	25	4	9 C		0		

2967	11	26	3	6 C		0		

2967	11	27	3	6 C		0		

2967	11	28	1	7 C		0		

2967	12	1	3	6 C		0		

2967	12	2	7	6 C		2		

2967	12	3	3	9 C		5		

2967	12	4	4	9 C		1		

2967	12	5	2	8 C		0		

2967	12	6	5	3 C		1		

2967	12	7	3	3 C		1		

2967	12	8	5	3 C		0		

2967	12	9	2	3 C		0		

2967	12	10	4	6 C		0		

2967	12	11	5	5 C		0		

2967	12	12	4	6 C		0		

2967	12	13	1	4 C		0		

2967	12	14	2	5 C		0		

2967	12	15	2	9 C		0		

2967	12	16	5	9 C		1		

2967	12	17	3	8 C		1		

2967	12	18	1	8 C		0		

2967	12	19	5	3 C		13		

2967	12	20	3	4 C		6		

2967	12	21	7	4 C		7		Tjock Dimma 

2967	12	22	3	4 C		3		

2967	12	23	5	6 C		0		

2967	12	24	2	7 C		0		

2967	12	25	6	4 C		2		

2967	12	26	4	4 C		4		

2967	12	27	1	3 C		3		

2967	12	28	5	4 C		0		

2968	1	1	4	2 C		1		

2968	1	2	3	2 C		0		

2968	1	3	1	2 C		0		

2968	1	4	3	4 C		2		

2968	1	5	1	3 C		2		Lätt Dimma 

2968	1	6	5	1 C		1		Åska Lätt Dimma 

2968	1	7	9	0 C		2		

2968	1	8	5	3 C		0		

2968	1	9	5	2 C		0		

2968	1	10	2	3 C		0		Lätt Dimma 

2968	1	11	6	3 C		0		

2968	1	12	5	-1 C		0		Köldknäpp

2968	1	13	4	-1 C		0		

2968	1	14	1	-1 C		0		Åska 

2968	1	15	2	0 C		1		

2968	1	16	6	5 C		4		

2968	1	17	2	6 C		0		

2968	1	18	5	4 C		0		

2968	1	19	4	6 C		0		

2968	1	20	1	4 C		0		

2968	1	21	1	-1 C		0		

2968	1	22	5	-2 C		2		

2968	1	23	5	0 C		5		

2968	1	24	4	2 C		3		

2968	1	25	2	0 C		1		

2968	1	26	3	2 C		0		

2968	1	27	5	0 C		0		

2968	1	28	4	3 C		0		

2968	2	1	5	6 C		1		

2968	2	2	2	7 C		18		

2968	2	3	6	6 C		12		

2968	2	4	5	4 C		4		

2968	2	5	4	5 C		1		

2968	2	6	4	4 C		3		

2968	2	7	5	3 C		9		

2968	2	8	4	4 C		6		

2968	2	9	4	5 C		5		

2968	2	10	2	3 C		0		

2968	2	11	3	2 C		0		Tjock Dimma 

2968	2	12	3	0 C		0		

2968	2	13	3	-2 C		4		

2968	2	14	4	-2 C		5		

2968	2	15	4	-1 C		2		

2968	2	16	5	1 C		2		

2968	2	17	4	4 C		0		

2968	2	18	5	1 C		0		

2968	2	19	5	2 C		0		

2968	2	20	1	4 C		1		

2968	2	21	3	8 C		0		

2968	2	22	5	3 C		0		

2968	2	23	3	0 C		0		Lätt Dimma 

2968	2	24	5	2 C		0		

2968	2	25	2	6 C		0		

2968	2	26	3	7 C		0		

2968	2	27	2	5 C		0		

2968	2	28	2	5 C		0		

2968	3	1	6	8 C		4		

2968	3	2	5	8 C		4		

2968	3	3	4	7 C		2		

2968	3	4	1	7 C		0		

2968	3	5	1	9 C		0		

2968	3	6	5	10 C		0		

2968	3	7	3	8 C		0		

2968	3	8	5	11 C		0		

2968	3	9	1	8 C		0		

2968	3	10	4	7 C		0		

2968	3	11	1	8 C		0		

2968	3	12	3	12 C		0		

2968	3	13	2	7 C		0		

2968	3	14	1	9 C		7		

2968	3	15	5	10 C		4		

2968	3	16	1	8 C		3		

2968	3	17	1	8 C		0		

2968	3	18	2	8 C		1		

2968	3	19	5	8 C		2		

2968	3	20	6	13 C		1		

2968	3	21	10	12 C		4		

2968	3	22	6	11 C		2		

2968	3	23	5	7 C		2		

2968	3	24	2	9 C		1		

2968	3	25	2	11 C		0		

2968	3	26	5	9 C		0		

2968	3	27	4	8 C		0		

2968	3	28	3	7 C		0		

2968	4	1	4	11 C		0		

2968	4	2	3	14 C		14		

2968	4	3	3	12 C		7		

2968	4	4	5	8 C		2		Lätt Dimma 

2968	4	5	9	12 C		3		

2968	4	6	5	10 C		3		

2968	4	7	4	9 C		2		

2968	4	8	3	11 C		2		

2968	4	9	5	11 C		3		

2968	4	10	7	10 C		5		

2968	4	11	5	9 C		0		

2968	4	12	1	10 C		0		

2968	4	13	4	9 C		0		

2968	4	14	1	13 C		0		

2968	4	15	5	13 C		0		

2968	4	16	2	14 C		0		

2968	4	17	6	13 C		2		

2968	4	18	5	12 C		0		

2968	4	19	4	15 C		0		Lätt Dimma Värmevåg

2968	4	20	4	17 C		0		

2968	4	21	4	15 C		0		

2968	4	22	1	11 C		0		Tjock Dimma 

2968	4	23	4	13 C		1		

2968	4	24	5	10 C		0		

2968	4	25	3	11 C		1		

2968	4	26	7	10 C		5		

2968	4	27	5	10 C		2		

2968	4	28	1	15 C		0		

2968	5	1	5	19 C		0		

2968	5	2	3	20 C		0		

2968	5	3	7	18 C		3		Åska 

2968	5	4	6	18 C		10		

2968	5	5	4	18 C		3		Åska 

2968	5	6	5	19 C		0		

2968	5	7	9	19 C		4		

2968	5	8	5	22 C		1		

2968	5	9	1	23 C		0		

2968	5	10	4	20 C		0		Lätt Dimma 

2968	5	11	7	18 C		1		

2968	5	12	4	16 C		1		

2968	5	13	8	15 C		1		

2968	5	14	4	14 C		3		

2968	5	15	1	15 C		0		

2968	5	16	5	16 C		0		

2968	5	17	3	13 C		0		

2968	5	18	1	15 C		0		

2968	5	19	4	14 C		5		

2968	5	20	4	12 C		3		

2968	5	21	2	14 C		0		

2968	5	22	5	15 C		0		

2968	5	23	5	18 C		0		

2968	5	24	4	14 C		3		

2968	5	25	3	19 C		0		

2968	5	26	5	21 C		6		

2968	5	27	2	18 C		0		Lätt Dimma 

2968	5	28	1	19 C		0		Magistorm 

2968	6	1	1	18 C		0		

2968	6	2	5	16 C		2		

2968	6	3	5	16 C		1		

2968	6	4	1	16 C		2		

2968	6	5	2	19 C		2		

2968	6	6	6	16 C		4		Tjock Dimma 

2968	6	7	2	14 C		2		

2968	6	8	4	15 C		1		

2968	6	9	1	15 C		0		

2968	6	10	5	15 C		3		

2968	6	11	3	18 C		0		Åska 

2968	6	12	5	17 C		0		

2968	6	13	2	18 C		1		

2968	6	14	5	20 C		1		

2968	6	15	4	18 C		2		

2968	6	16	1	21 C		1		

2968	6	17	3	16 C		1		

2968	6	18	7	16 C		3		

2968	6	19	5	16 C		0		

2968	6	20	3	16 C		1		

2968	6	21	1	21 C		0		

2968	6	22	1	20 C		0		

2968	6	23	1	20 C		1		

2968	6	24	2	22 C		1		Åska 

2968	6	25	5	21 C		1		

2968	6	26	4	20 C		0		

2968	6	27	4	19 C		3		

2968	6	28	4	22 C		2		

2968	7	1	3	21 C		3		

2968	7	2	1	20 C		1		

2968	7	3	3	20 C		2		Tjock Dimma 

2968	7	4	7	20 C		4		Lätt Dimma 

2968	7	5	11	21 C		8		

2968	7	6	7	22 C		7		

2968	7	7	3	23 C		3		

2968	7	8	2	23 C		3		

2968	7	9	5	21 C		8		Åska 

2968	7	10	4	23 C		4		

2968	7	11	2	24 C		1		Lätt Dimma 

2968	7	12	2	22 C		0		

2968	7	13	5	21 C		0		

2968	7	14	4	22 C		0		

2968	7	15	8	25 C		0		

2968	7	16	12	27 C		4		

2968	7	17	8	23 C		5		

2968	7	18	4	24 C		2		

2968	7	19	5	22 C		2		Åska 

2968	7	20	3	26 C		1		

2968	7	21	1	29 C		1		

2968	7	22	4	28 C		0		

2968	7	23	2	25 C		0		

2968	7	24	6	25 C		0		

2968	7	25	5	24 C		1		

2968	7	26	3	25 C		0		

2968	7	27	2	24 C		0		

2968	7	28	1	26 C		0		

2968	8	1	4	27 C		0		

2968	8	2	3	28 C		0		

2968	8	3	3	30 C		0		

2968	8	4	1	29 C		0		

2968	8	5	4	29 C		0		

2968	8	6	1	29 C		0		

2968	8	7	5	31 C		0		

2968	8	8	5	35 C		0		Värmevåg

2968	8	9	5	31 C		0		

2968	8	10	8	33 C		2		

2968	8	11	4	29 C		0		

2968	8	12	5	29 C		0		

2968	8	13	3	24 C		0		

2968	8	14	5	24 C		0		

2968	8	15	1	25 C		2		

2968	8	16	1	26 C		0		

2968	8	17	4	21 C		0		

2968	8	18	1	20 C		0		Lätt Dimma 

2968	8	19	5	22 C		18		

2968	8	20	3	25 C		10		

2968	8	21	4	27 C		6		

2968	8	22	5	24 C		5		

2968	8	23	3	26 C		0		

2968	8	24	2	23 C		3		

2968	8	25	2	25 C		0		

2968	8	26	4	21 C		0		

2968	8	27	1	22 C		1		

2968	8	28	3	23 C		0		

2968	9	1	4	22 C		0		

2968	9	2	1	21 C		0		

2968	9	3	3	19 C		0		

2968	9	4	4	24 C		0		

2968	9	5	2	21 C		0		

2968	9	6	5	19 C		0		

2968	9	7	4	23 C		0		

2968	9	8	4	21 C		0		

2968	9	9	3	20 C		0		

2968	9	10	1	19 C		0		

2968	9	11	3	16 C		0		

2968	9	12	4	15 C		0		Åska 

2968	9	13	3	16 C		0		Åska Tjock Dimma 

2968	9	14	4	19 C		1		Åska 

2968	9	15	3	22 C		0		

2968	9	16	5	20 C		7		

2968	9	17	9	21 C		6		

2968	9	18	5	22 C		2		

2968	9	19	9	16 C		4		Lätt Dimma 

2968	9	20	5	18 C		6		

2968	9	21	3	18 C		3		

2968	9	22	2	19 C		0		

2968	9	23	6	18 C		7		Åska 

2968	9	24	2	19 C		3		

2968	9	25	5	16 C		4		

2968	9	26	7	14 C		3		

2968	9	27	4	9 C		2		Lätt Dimma 

2968	9	28	8	11 C		4		

2968	10	1	4	11 C		0		

2968	10	2	1	12 C		0		

2968	10	3	4	15 C		0		

2968	10	4	8	11 C		2		

2968	10	5	4	14 C		1		

2968	10	6	2	15 C		0		

2968	10	7	2	16 C		0		

2968	10	8	6	13 C		0		

2968	10	9	5	13 C		1		

2968	10	10	3	14 C		0		

2968	10	11	4	17 C		0		

2968	10	12	2	18 C		0		

2968	10	13	3	18 C		0		

2968	10	14	2	19 C		0		Åska 

2968	10	15	5	20 C		0		

2968	10	16	1	16 C		0		

2968	10	17	2	20 C		0		Värmevåg

2968	10	18	3	16 C		0		Tjock Dimma 

2968	10	19	7	14 C		3		

2968	10	20	5	12 C		3		

2968	10	21	5	13 C		2		

2968	10	22	4	16 C		1		

2968	10	23	2	17 C		0		Åska 

2968	10	24	1	18 C		0		

2968	10	25	1	18 C		0		

2968	10	26	1	18 C		4		

2968	10	27	2	16 C		2		

2968	10	28	5	15 C		0		

2968	11	1	1	13 C		0		

2968	11	2	5	10 C		0		

2968	11	3	6	11 C		0		

2968	11	4	4	12 C		0		

2968	11	5	5	12 C		0		

2968	11	6	4	10 C		0		

2968	11	7	1	8 C		0		

2968	11	8	5	9 C		2		

2968	11	9	4	12 C		0		

2968	11	10	2	7 C		0		

2968	11	11	2	8 C		0		

2968	11	12	4	9 C		0		

2968	11	13	4	7 C		1		

2968	11	14	4	9 C		0		

2968	11	15	1	8 C		0		

2968	11	16	2	6 C		0		

2968	11	17	1	9 C		2		

2968	11	18	5	5 C		2		

2968	11	19	3	5 C		1		

2968	11	20	1	8 C		0		

2968	11	21	5	7 C		0		

2968	11	22	3	10 C		0		

2968	11	23	5	9 C		2		

2968	11	24	3	10 C		0		Åska 

2968	11	25	4	9 C		0		

2968	11	26	3	6 C		0		

2968	11	27	3	6 C		0		

2968	11	28	1	7 C		0		

2968	12	1	3	6 C		0		

2968	12	2	7	6 C		2		

2968	12	3	3	9 C		5		

2968	12	4	4	9 C		1		

2968	12	5	2	8 C		0		

2968	12	6	5	3 C		1		

2968	12	7	3	3 C		1		

2968	12	8	5	3 C		0		

2968	12	9	2	3 C		0		

2968	12	10	4	6 C		0		

2968	12	11	5	5 C		0		

2968	12	12	4	6 C		0		

2968	12	13	1	4 C		0		

2968	12	14	2	5 C		0		

2968	12	15	2	9 C		0		

2968	12	16	5	9 C		1		

2968	12	17	3	8 C		1		

2968	12	18	1	8 C		0		

2968	12	19	5	3 C		13		

2968	12	20	3	4 C		6		

2968	12	21	7	4 C		7		Tjock Dimma 

2968	12	22	3	4 C		3		

2968	12	23	5	6 C		0		

2968	12	24	2	7 C		0		

2968	12	25	6	4 C		2		

2968	12	26	4	4 C		4		

2968	12	27	1	3 C		3		

2968	12	28	5	4 C		0		

2969	1	1	4	2 C		1		

2969	1	2	3	2 C		0		

2969	1	3	1	2 C		0		

2969	1	4	3	4 C		2		

2969	1	5	1	3 C		2		Lätt Dimma 

2969	1	6	5	1 C		1		Åska Lätt Dimma 

2969	1	7	9	0 C		2		

2969	1	8	5	3 C		0		

2969	1	9	5	2 C		0		

2969	1	10	2	3 C		0		Lätt Dimma 

2969	1	11	6	3 C		0		

2969	1	12	5	-1 C		0		Köldknäpp

2969	1	13	4	-1 C		0		

2969	1	14	1	-1 C		0		Åska 

2969	1	15	2	0 C		1		

2969	1	16	6	5 C		4		

2969	1	17	2	6 C		0		

2969	1	18	5	4 C		0		

2969	1	19	4	6 C		0		

2969	1	20	1	4 C		0		

2969	1	21	1	-1 C		0		

2969	1	22	5	-2 C		2		

2969	1	23	5	0 C		5		

2969	1	24	4	2 C		3		

2969	1	25	2	0 C		1		

2969	1	26	3	2 C		0		

2969	1	27	5	0 C		0		

2969	1	28	4	3 C		0		

2969	2	1	5	6 C		1		

2969	2	2	2	7 C		18		

2969	2	3	6	6 C		12		

2969	2	4	5	4 C		4		

2969	2	5	4	5 C		1		

2969	2	6	4	4 C		3		

2969	2	7	5	3 C		9		

2969	2	8	4	4 C		6		

2969	2	9	4	5 C		5		

2969	2	10	2	3 C		0		

2969	2	11	3	2 C		0		Tjock Dimma 

2969	2	12	3	0 C		0		

2969	2	13	3	-2 C		4		

2969	2	14	4	-2 C		5		

2969	2	15	4	-1 C		2		

2969	2	16	5	1 C		2		

2969	2	17	4	4 C		0		

2969	2	18	5	1 C		0		

2969	2	19	5	2 C		0		

2969	2	20	1	4 C		1		

2969	2	21	3	8 C		0		

2969	2	22	5	3 C		0		

2969	2	23	3	0 C		0		Lätt Dimma 

2969	2	24	5	2 C		0		

2969	2	25	2	6 C		0		

2969	2	26	3	7 C		0		

2969	2	27	2	5 C		0		

2969	2	28	2	5 C		0		

2969	3	1	6	8 C		4		

2969	3	2	5	8 C		4		

2969	3	3	4	7 C		2		

2969	3	4	1	7 C		0		

2969	3	5	1	9 C		0		

2969	3	6	5	10 C		0		

2969	3	7	3	8 C		0		

2969	3	8	5	11 C		0		

2969	3	9	1	8 C		0		

2969	3	10	4	7 C		0		

2969	3	11	1	8 C		0		

2969	3	12	3	12 C		0		

2969	3	13	2	7 C		0		

2969	3	14	1	9 C		7		

2969	3	15	5	10 C		4		

2969	3	16	1	8 C		3		

2969	3	17	1	8 C		0		

2969	3	18	2	8 C		1		

2969	3	19	5	8 C		2		

2969	3	20	6	13 C		1		

2969	3	21	10	12 C		4		

2969	3	22	6	11 C		2		

2969	3	23	5	7 C		2		

2969	3	24	2	9 C		1		

2969	3	25	2	11 C		0		

2969	3	26	5	9 C		0		

2969	3	27	4	8 C		0		

2969	3	28	3	7 C		0		

2969	4	1	4	11 C		0		

2969	4	2	3	14 C		14		

2969	4	3	3	12 C		7		

2969	4	4	5	8 C		2		Lätt Dimma 

2969	4	5	9	12 C		3		

2969	4	6	5	10 C		3		

2969	4	7	4	9 C		2		

2969	4	8	3	11 C		2		

2969	4	9	5	11 C		3		

2969	4	10	7	10 C		5		

2969	4	11	5	9 C		0		

2969	4	12	1	10 C		0		

2969	4	13	4	9 C		0		

2969	4	14	1	13 C		0		

2969	4	15	5	13 C		0		

2969	4	16	2	14 C		0		

2969	4	17	6	13 C		2		

2969	4	18	5	12 C		0		

2969	4	19	4	15 C		0		Lätt Dimma Värmevåg

2969	4	20	4	17 C		0		

2969	4	21	4	15 C		0		

2969	4	22	1	11 C		0		Tjock Dimma 

2969	4	23	4	13 C		1		

2969	4	24	5	10 C		0		

2969	4	25	3	11 C		1		

2969	4	26	7	10 C		5		

2969	4	27	5	10 C		2		

2969	4	28	1	15 C		0		

2969	5	1	5	19 C		0		

2969	5	2	3	20 C		0		

2969	5	3	7	18 C		3		Åska 

2969	5	4	6	18 C		10		

2969	5	5	4	18 C		3		Åska 

2969	5	6	5	19 C		0		

2969	5	7	9	19 C		4		

2969	5	8	5	22 C		1		

2969	5	9	1	23 C		0		

2969	5	10	4	20 C		0		Lätt Dimma 

2969	5	11	7	18 C		1		

2969	5	12	4	16 C		1		

2969	5	13	8	15 C		1		

2969	5	14	4	14 C		3		

2969	5	15	1	15 C		0		

2969	5	16	5	16 C		0		

2969	5	17	3	13 C		0		

2969	5	18	1	15 C		0		

2969	5	19	4	14 C		5		

2969	5	20	4	12 C		3		

2969	5	21	2	14 C		0		

2969	5	22	5	15 C		0		

2969	5	23	5	18 C		0		

2969	5	24	4	14 C		3		

2969	5	25	3	19 C		0		

2969	5	26	5	21 C		6		

2969	5	27	2	18 C		0		Lätt Dimma 

2969	5	28	1	19 C		0		Magistorm 

2969	6	1	1	18 C		0		

2969	6	2	5	16 C		2		

2969	6	3	5	16 C		1		

2969	6	4	1	16 C		2		

2969	6	5	2	19 C		2		

2969	6	6	6	16 C		4		Tjock Dimma 

2969	6	7	2	14 C		2		

2969	6	8	4	15 C		1		

2969	6	9	1	15 C		0		

2969	6	10	5	15 C		3		

2969	6	11	3	18 C		0		Åska 

2969	6	12	5	17 C		0		

2969	6	13	2	18 C		1		

2969	6	14	5	20 C		1		

2969	6	15	4	18 C		2		

2969	6	16	1	21 C		1		

2969	6	17	3	16 C		1		

2969	6	18	7	16 C		3		

2969	6	19	5	16 C		0		

2969	6	20	3	16 C		1		

2969	6	21	1	21 C		0		

2969	6	22	1	20 C		0		

2969	6	23	1	20 C		1		

2969	6	24	2	22 C		1		Åska 

2969	6	25	5	21 C		1		

2969	6	26	4	20 C		0		

2969	6	27	4	19 C		3		

2969	6	28	4	22 C		2		

2969	7	1	3	21 C		3		

2969	7	2	1	20 C		1		

2969	7	3	3	20 C		2		Tjock Dimma 

2969	7	4	7	20 C		4		Lätt Dimma 

2969	7	5	11	21 C		8		

2969	7	6	7	22 C		7		

2969	7	7	3	23 C		3		

2969	7	8	2	23 C		3		

2969	7	9	5	21 C		8		Åska 

2969	7	10	4	23 C		4		

2969	7	11	2	24 C		1		Lätt Dimma 

2969	7	12	2	22 C		0		

2969	7	13	5	21 C		0		

2969	7	14	4	22 C		0		

2969	7	15	8	25 C		0		

2969	7	16	12	27 C		4		

2969	7	17	8	23 C		5		

2969	7	18	4	24 C		2		

2969	7	19	5	22 C		2		Åska 

2969	7	20	3	26 C		1		

2969	7	21	1	29 C		1		

2969	7	22	4	28 C		0		

2969	7	23	2	25 C		0		

2969	7	24	6	25 C		0		

2969	7	25	5	24 C		1		

2969	7	26	3	25 C		0		

2969	7	27	2	24 C		0		

2969	7	28	1	26 C		0		

2969	8	1	4	27 C		0		

2969	8	2	3	28 C		0		

2969	8	3	3	30 C		0		

2969	8	4	1	29 C		0		

2969	8	5	4	29 C		0		

2969	8	6	1	29 C		0		

2969	8	7	5	31 C		0		

2969	8	8	5	35 C		0		Värmevåg

2969	8	9	5	31 C		0		

2969	8	10	8	33 C		2		

2969	8	11	4	29 C		0		

2969	8	12	5	29 C		0		

2969	8	13	3	24 C		0		

2969	8	14	5	24 C		0		

2969	8	15	1	25 C		2		

2969	8	16	1	26 C		0		

2969	8	17	4	21 C		0		

2969	8	18	1	20 C		0		Lätt Dimma 

2969	8	19	5	22 C		18		

2969	8	20	3	25 C		10		

2969	8	21	4	27 C		6		

2969	8	22	5	24 C		5		

2969	8	23	3	26 C		0		

2969	8	24	2	23 C		3		

2969	8	25	2	25 C		0		

2969	8	26	4	21 C		0		

2969	8	27	1	22 C		1		

2969	8	28	3	23 C		0		

2969	9	1	4	22 C		0		

2969	9	2	1	21 C		0		

2969	9	3	3	19 C		0		

2969	9	4	4	24 C		0		

2969	9	5	2	21 C		0		

2969	9	6	5	19 C		0		

2969	9	7	4	23 C		0		

2969	9	8	4	21 C		0		

2969	9	9	3	20 C		0		

2969	9	10	1	19 C		0		

2969	9	11	3	16 C		0		

2969	9	12	4	15 C		0		Åska 

2969	9	13	3	16 C		0		Åska Tjock Dimma 

2969	9	14	4	19 C		1		Åska 

2969	9	15	3	22 C		0		

2969	9	16	5	20 C		7		

2969	9	17	9	21 C		6		

2969	9	18	5	22 C		2		

2969	9	19	9	16 C		4		Lätt Dimma 

2969	9	20	5	18 C		6		

2969	9	21	3	18 C		3		

2969	9	22	2	19 C		0		

2969	9	23	6	18 C		7		Åska 

2969	9	24	2	19 C		3		

2969	9	25	5	16 C		4		

2969	9	26	7	14 C		3		

2969	9	27	4	9 C		2		Lätt Dimma 

2969	9	28	8	11 C		4		

2969	10	1	4	11 C		0		

2969	10	2	1	12 C		0		

2969	10	3	4	15 C		0		

2969	10	4	8	11 C		2		

2969	10	5	4	14 C		1		

2969	10	6	2	15 C		0		

2969	10	7	2	16 C		0		

2969	10	8	6	13 C		0		

2969	10	9	5	13 C		1		

2969	10	10	3	14 C		0		

2969	10	11	4	17 C		0		

2969	10	12	2	18 C		0		

2969	10	13	3	18 C		0		

2969	10	14	2	19 C		0		Åska 

2969	10	15	5	20 C		0		

2969	10	16	1	16 C		0		

2969	10	17	2	20 C		0		Värmevåg

2969	10	18	3	16 C		0		Tjock Dimma 

2969	10	19	7	14 C		3		

2969	10	20	5	12 C		3		

2969	10	21	5	13 C		2		

2969	10	22	4	16 C		1		

2969	10	23	2	17 C		0		Åska 

2969	10	24	1	18 C		0		

2969	10	25	1	18 C		0		

2969	10	26	1	18 C		4		

2969	10	27	2	16 C		2		

2969	10	28	5	15 C		0		

2969	11	1	1	13 C		0		

2969	11	2	5	10 C		0		

2969	11	3	6	11 C		0		

2969	11	4	4	12 C		0		

2969	11	5	5	12 C		0		

2969	11	6	4	10 C		0		

2969	11	7	1	8 C		0		

2969	11	8	5	9 C		2		

2969	11	9	4	12 C		0		

2969	11	10	2	7 C		0		

2969	11	11	2	8 C		0		

2969	11	12	4	9 C		0		

2969	11	13	4	7 C		1		

2969	11	14	4	9 C		0		

2969	11	15	1	8 C		0		

2969	11	16	2	6 C		0		

2969	11	17	1	9 C		2		

2969	11	18	5	5 C		2		

2969	11	19	3	5 C		1		

2969	11	20	1	8 C		0		

2969	11	21	5	7 C		0		

2969	11	22	3	10 C		0		

2969	11	23	5	9 C		2		

2969	11	24	3	10 C		0		Åska 

2969	11	25	4	9 C		0		

2969	11	26	3	6 C		0		

2969	11	27	3	6 C		0		

2969	11	28	1	7 C		0		

2969	12	1	3	6 C		0		

2969	12	2	7	6 C		2		

2969	12	3	3	9 C		5		

2969	12	4	4	9 C		1		

2969	12	5	2	8 C		0		

2969	12	6	5	3 C		1		

2969	12	7	3	3 C		1		

2969	12	8	5	3 C		0		

2969	12	9	2	3 C		0		

2969	12	10	4	6 C		0		

2969	12	11	5	5 C		0		

2969	12	12	4	6 C		0		

2969	12	13	1	4 C		0		

2969	12	14	2	5 C		0		

2969	12	15	2	9 C		0		

2969	12	16	5	9 C		1		

2969	12	17	3	8 C		1		

2969	12	18	1	8 C		0		

2969	12	19	5	3 C		13		

2969	12	20	3	4 C		6		

2969	12	21	7	4 C		7		Tjock Dimma 

2969	12	22	3	4 C		3		

2969	12	23	5	6 C		0		

2969	12	24	2	7 C		0		

2969	12	25	6	4 C		2		

2969	12	26	4	4 C		4		

2969	12	27	1	3 C		3		

2969	12	28	5	4 C		0		

